CMA:
	10, 2.765625
	12, 5.109375
	15, 6.390625
	17, 4.124999999999998
	19, 5.789062499999999
	22, 5.132812499999999
	25, 5.1328125
	27, 3.546875
	30, 5.132812499999998
	32, 6.203125
	35, 4.132812500000001
	38, 5.4140625
	41, 5.6796875
	44, 4.109374999999996
	47, 4.359374999999999
LOSS:
	8, 1557.6968
	9, 22280.303
	10, 28809.814
	11, 24330.695
	12, 1111.4651
	13, 11171.576
	14, 33459.45
	15, 21071.055
	16, 936.55884
	17, 16239.625
	18, 49467.574
	19, 12928.243
	20, 59479.215
	21, 212.37854
	22, 58040.664
	23, 23572.8
	24, -296.35376
	25, 7773.572
	26, 215.65808
	27, 3095.3054
	28, 5436.1963
	29, 22262.547
	30, 27658.39
	31, 12437.602
	32, 20061.812
	33, 22828.562
	34, 21323.2
	35, 4763.123
	36, 14675.645
	37, 21245.793
	38, 21753.58
	39, 709.3208
	40, 20214.629
	41, 34581.777
	42, 16801.75
	43, 134.39838
	44, 22497.988
	45, 22878.51
	46, 17590.314
	47, 39981.87
	48, 224.72345
	49, 18884.275
