1568244992596679700, 161832927300, -0.33491751897751815
1568244992519883800, 161756131400, -0.31562449936452
1568244991840701600, 161076949200, -0.3198487295614674
1568244991239309300, 160475556900, -0.33616983252139676
1568245028157870600, 197394118200, -0.32511760573424087
1568245027911529700, 197147777300, -0.3263079973587041
1568245066999135800, 236235383400, -0.33490369242496554
1568245104698058100, 273934305700, -0.3363494455274938
1568245141109667700, 310345915300, -0.1987968508383389
1568245177914940500, 347151188100, -0.22078893020445117
1568245176819870300, 346056117900, -0.20646481713931403
1568245254450381000, 423686628600, -0.22097429572784477
1568245289474010500, 458710258100, -0.21475114925772426
1568245289035184100, 458271431700, -0.2212116590712383
1568245287883267500, 457119515100, -0.21397819782543742
1568245326515693700, 495751941300, -0.22100994761761722
1568245364255520800, 533491768400, -0.21051183390838768
1568245363691031000, 532927278600, -0.20052405367739876
1568245363287110300, 532523357900, -0.206545601421394
1568245437635115800, 606871363400, -0.1954225349310695
1568245510817229100, 680053476700, -0.22107201963179707
1568245510319560500, 679555808100, -0.20781289608032238
1568245508934269100, 678170516700, -0.22121212120631006
1568245546026695200, 715262942800, -0.2078704120500221
1568245545059284100, 714295531700, -0.19689300527559825
1568245583307413900, 752543661500, -0.20366329735420474
1568245619263629000, 788499876600, -0.2211540529303161
1568245654689518000, 823925765600, -0.22119719512497224
1568245693604965000, 862841212600, -0.1994074708595875
1568245730069450300, 899305697900, -0.19363792367086063
1568245729554826300, 898791073900, -0.20603305362901442
1568245728362018900, 897598266500, -0.21937559498814777
1568245727440483200, 896676730800, -0.21545362790906092
1568245763964105700, 933200353300, -0.21582324825520954
1568245839376123000, 1008612370600, -0.21944679636748543
1568245873087765000, 1042324012600, -0.22118340336158887
1568245911403343300, 1080639590900, -0.2157496909266662
1568245948314781700, 1117551029300, -0.21886420479173602
1568245948103347600, 1117339595200, -0.2144095191842676
1568245984584271700, 1153820519300, -0.2211125332172347
1568245984035739000, 1153271986600, -0.20655271514107132
1568246021147504900, 1190383752500, -0.22112093836914118
1568246056572568700, 1225808816300, -0.22094095944185996
1568246095574999000, 1264811246600, -0.21802232511811626
1568246094120889000, 1263357136600, -0.22096259286471714
1568246170298970100, 1339535217700, -0.22119930794340745
1568246169556953800, 1338793201400, -0.19281600149112332
1568246206671290800, 1375907538400, -0.22121210316745504
1568246206549617500, 1375785865100, -0.21238830197329672
1568246206190578400, 1375426826000, -0.21624125933922078
1568246241626719600, 1410861970000, -0.22115062449475295
1568246279125653400, 1448361901000, -0.20511660644698695
1568246353316421500, 1522552669100, -0.2212121132599204
1568246352371947700, 1521608195300, -0.21927533413470862
1568246427873298400, 1597109546000, -0.21021719022937996
1568246465003805300, 1634240052900, -0.2047421455301636
1568246464006470100, 1633242717700, -0.21227147133734495
1568246501183784200, 1670420031800, -0.21858651653580186
1568246500846685100, 1670082932700, -0.22121201485032593
1568246538399691000, 1707635938600, -0.21995586891821475
1568246612779045900, 1782015293500, -0.20682222006068107
1568246611552326600, 1780788574200, -0.22103586028974365
1568246648783287300, 1818019534900, -0.22011960133939507
1568246687938498400, 1857174746000, -0.20469074701431264
1568246724657993000, 1893894240600, -0.21969419889275846
1568246723416315600, 1892652563200, -0.220829107278663
1568246722685270700, 1891921518300, -0.22121078533997104
1568246836040094000, 2005276341600, -0.22088159296360999
1568246833795099700, 2003031347300, -0.2212120024649885
1568246833252551600, 2002488799200, -0.1950861418970749
1568246871916338600, 2041152586200, -0.21983518544708788
1568246945831935800, 2115068183400, -0.22121152503202277
1568246944956275800, 2114192523400, -0.2211982333444574
1568247021323044900, 2190559292500, -0.22121212119628164
1568247020720656300, 2189956903900, -0.19432724622850295
1568247057032488900, 2226268736500, -0.221207713485831
1568247057002568600, 2226238816200, -0.22121207356225286
1568247095001814700, 2264238062300, -0.20139534332307424
1568247092702964300, 2261939211900, -0.22121212108794158
1568247166720529700, 2335956777300, -0.22119650032748056
1568247204155297600, 2373391545200, -0.19774136134600964
1568247280443141600, 2449679389200, -0.22088691496481594
1568247279208443900, 2448444691500, -0.22105740617065184
1568247318009575700, 2487245823300, -0.21798363111958674
1568247317085048500, 2486321296100, -0.2212121211927437
1568247314853019500, 2484089267100, -0.2212060230467231
1568247355012507900, 2524248755500, -0.22114087627224138
1568247464400246300, 2633636493900, -0.22097986525121155
1568247463767937800, 2633004185400, -0.22121212121175407
1568247501768215400, 2671004463000, -0.22102498830943842
1568247539696435500, 2708932683100, -0.2212121211837197
1568247539669509700, 2708905757300, -0.21430638945930686
1568247577141846200, 2746378093800, -0.22117961089422444
1568247576998229800, 2746234477400, -0.21676769302784854
1568247575387538800, 2744623786400, -0.21976927222466006
1568247649530285300, 2818766532900, -0.22116110026651004
1568247726431921600, 2895668169200, -0.20063027948552242
1568247726101804600, 2895338052200, -0.22119388311185056
1568247725414641100, 2894650888700, -0.20915646096863
1568247800482145200, 2969718392800, -0.22108781919239362
1568247799798974100, 2969035221700, -0.20204249745578456
1568247797864148900, 2967100396500, -0.2209772039076357
1568247837768323700, 3007004571300, -0.20968345459686127
1568247911004826000, 3080241073600, -0.2209631950852231
1568247946628277400, 3115864525000, -0.22116917956533175
1568247946235327100, 3115471574700, -0.22121203395295125
1568247985441754800, 3154678002400, -0.21989337104460813
1568247984935110300, 3154171357900, -0.20961048644251434
1568248022015366500, 3191251614100, -0.21408446854003071
1568248060149750900, 3229385998500, -0.20356711871452107
1568248095740660300, 3264976907900, -0.21757116343076396
1568248133601853300, 3302838100900, -0.20700716036842076
1568248209151565100, 3378387812700, -0.22005854629340998
1568248208961074000, 3378197321600, -0.20131951572707701
1568248207079109100, 3376315356700, -0.2208487100043226
1568248246437467500, 3415673715100, -0.2001822718538932
1568248282563681000, 3451799928600, -0.19779916271208842
1568248282253510800, 3451489758400, -0.22059475983534538
1568248320629742100, 3489865989700, -0.2162701826008825
1568248394970159700, 3564206407300, -0.21048476504138436
1568248393720501800, 3562956749400, -0.2168157630909553
1568248431687878700, 3600924126300, -0.20848013242404828
1568248542945682300, 3712181929900, -0.20746353104100107
1568248542840963700, 3712077211300, -0.20939250551174354
1568248541226281900, 3710462529500, -0.22118532876746813
1568248578650830300, 3747887077900, -0.22115197870575953
1568248617886583500, 3787122831100, -0.2212085682171732
1568248617488647300, 3786724894900, -0.22061328183773715
1568248617332068300, 3786568315900, -0.2210555906456633
1568248693564681500, 3862800929100, -0.1929569552068701
1568248765695808000, 3934932055600, -0.21557048250808425
1568248805843953500, 3975080201100, -0.18600807227533966
1568248805818022100, 3975054269700, -0.2155250913483342
1568248803568041400, 3972804289000, -0.22121171286507257
1568248878677800000, 4047914047600, -0.2119135485483924
1568248878365634500, 4047601882100, -0.2201607180845351
1568248877891901900, 4047128149500, -0.22118242632616525
1568248953831801700, 4123068049300, -0.2135047349959493
1568248951816193600, 4121052441200, -0.1996099651365384
1568248988880182600, 4158116430200, -0.21875200307596904
1568249028563514000, 4197799761600, -0.2116349211780496
1568249066102134600, 4235338382200, -0.22055306581502496
1568249065630398600, 4234866646200, -0.20190808965991947
1568249139467490600, 4308703738200, -0.22029215620802606
1568249138973810400, 4308210058000, -0.20800315112603435
1568249213831533000, 4383067780600, -0.22095765523544303
1568249212984797100, 4382221044700, -0.21960067360158875
1568249250606428200, 4419842675800, -0.20221332232481376
1568249249801580200, 4419037827800, -0.2211382942359304
1568249327404765600, 4496641013200, -0.18380954788930856
1568249364164958100, 4533401205700, -0.21686638811314518
1568249363259380800, 4532495628400, -0.20513193324519213
1568249361902012500, 4531138260100, -0.1974184489960541
1568249401954444800, 4571190692400, -0.19425593874023395
1568249437438631300, 4606674878900, -0.21734598337284153
1568249512388054500, 4681624302100, -0.22016955025426693
1568249551719131400, 4720955379000, -0.2091093905155012
1568249550419606700, 4719655854300, -0.19559191024804617
1568249588942182500, 4758178430100, -0.22120850170968998
1568249586775976700, 4756012224300, -0.22097011870708372
1568249586534622400, 4755770870000, -0.2019971101411773
1568249623060225700, 4792296473300, -0.2182784773997845
1568249700102016200, 4869338263800, -0.20408711861122308
1568249735785455800, 4905021703400, -0.2060657528340129
1568249774194608800, 4943430856400, -0.21565159521932342
1568249773329918800, 4942566166400, -0.20207392649960604
1568249812630495800, 4981866743400, -0.21896778072378031
1568249811626181300, 4980862428900, -0.22121212051464878
1568249809809042300, 4979045289900, -0.22107207947495466
1568249849606718800, 5018842966400, -0.22110010893172752
1568249887728442400, 5056964690000, -0.22112010471696913
1568249925567513200, 5094803760800, -0.2119548412918069
1568249924786600200, 5094022847800, -0.22070727689067138
1568249923099115000, 5092335362600, -0.20848396622565
1568250035760391000, 5204996638600, -0.22068632328771806
1568250072238940100, 5241475187700, -0.21855184187811233
1568250072216999000, 5241453246600, -0.21766439767642737
1568250110938591300, 5280174838900, -0.19876023219668768
1568250110751093000, 5279987340600, -0.22103911624235217
1568250109455561400, 5278691809000, -0.22042244201544142
1568250149469072600, 5318705320200, -0.2212121167225562
1568250185200117100, 5354436364700, -0.2212117259850644
1568250262023561800, 5431259809400, -0.22092376940966224
1568250259813473500, 5429049721100, -0.1931743976542089
1568250299691141000, 5468927388600, -0.20613355323093138
1568250299374985900, 5468611233500, -0.19345149069577083
1568250297469085300, 5466705332900, -0.19838409893306946
1568250336448387800, 5505684635400, -0.22113907906070435
1568250334053793000, 5503290040600, -0.20559864120055277
1568250373412809200, 5542649056800, -0.20484942400572775
1568250448863051900, 5618099299500, -0.18828912841631354
1568250447592450000, 5616828697600, -0.19505191218164414
1568250446824505100, 5616060752700, -0.1972520902196027
1568250485413223000, 5654649470600, -0.2212049586180858
1568250521748328300, 5690984575900, -0.20843162449474423
1568250598589246800, 5767825494400, -0.22121212120921754
1568250636143026100, 5805379273700, -0.19079593754493862
1568250634302947300, 5803539194900, -0.1972584309507867
1568250672799563800, 5842035811400, -0.18486163937797553
1568250672329819000, 5841566066600, -0.22120097238380312
1568250671406289300, 5840642536900, -0.21192149382177233
1568250709613860400, 5878850108000, -0.19545161988751353
1568250747863403300, 5917099650900, -0.216825255465305
1568250823287550100, 5992523797700, -0.19897680411524749
1568250821930180600, 5991166428200, -0.21264612949029937
1568250821636964900, 5990873212500, -0.21815574859363568
1568250933609683200, 6102845930800, -0.2181524374227614
1568250971291574100, 6140527821700, -0.2023399947841822
1568251011235286200, 6180471533800, -0.21819767009399751
1568251008836702600, 6178072950200, -0.1957284556454938
1568251047665464400, 6216901712000, -0.21416714110832452
1568251085465016000, 6254701263600, -0.20169269957563654
1568251120731201200, 6289967448800, -0.19570620778788989
1568251120669366800, 6289905614400, -0.2046323388386708
1568251158598161900, 6327834409500, -0.2211882261373321
1568251198858632000, 6368094879600, -0.21332996205065072
1568251235010174100, 6404246421700, -0.21970791281103325
1568251234172414600, 6403408662200, -0.20495590532619817
1568251233365575200, 6402601822800, -0.19030528219163395
1568251272385372500, 6441621620100, -0.19297910147898512
1568251311045452600, 6480281700200, -0.2207425766490933
1568251310372254400, 6479608502000, -0.18182449002482787
1568251424048893000, 6593285140600, -0.21132417823862387
1568251458908214500, 6628144462100, -0.21392024180058253
1568251498808523800, 6668044771400, -0.2199975030771859
1568251498753670800, 6667989918400, -0.22121212121195444
1568251572721468800, 6741957716400, -0.2212115326310743
1568251571878724800, 6741114972400, -0.19571644014580733
1568251570952200900, 6740188448500, -0.21723224363163657
1568251610572417000, 6779808664600, -0.22118387499549375
1568251649093442100, 6818329689700, -0.21945111545164148
1568251686144890700, 6855381138300, -0.21921172482900708
1568251723762257500, 6892998505100, -0.2139787677021685
1568251761130190800, 6930366438400, -0.19362271877793835
1568251796754751300, 6965990998900, -0.22115091989954686
1568251796582212400, 6965818460000, -0.19543313594776235
1568251874250843600, 7043487091200, -0.20294665387941707
1568251874049381000, 7043285628600, -0.22121207543566268
1568251912604545000, 7081840792600, -0.21943138956242195
1568251909503840500, 7078740088100, -0.22103303101738758
1568251947715433600, 7116951681200, -0.19910078541559895
1568252023743325300, 7192979572900, -0.19825485408597276
1568252022630302400, 7191866550000, -0.22113592157723624
1568252099852918800, 7269089166400, -0.22120496162027914
1568252137165552700, 7306401800300, -0.21557051011995698
1568252135911905400, 7305148153000, -0.19895227052942555
1568252212636121800, 7381872369400, -0.22103123980998685
1568252211560997800, 7380797245400, -0.21383212815602434
1568252250398564200, 7419634811800, -0.21673054424923976
1568252249058149500, 7418294397100, -0.1896786061505417
1568252286649754700, 7455886002300, -0.22107123627807837
1568252363388366000, 7532624613600, -0.2208257014078503
1568252362306260300, 7531542507900, -0.2059976812450665
1568252361793632100, 7531029879700, -0.20208767383882997
1568252436968781500, 7606205029100, -0.21283261744239862
1568252477867124600, 7647103372200, -0.196241358113469
1568252477004432200, 7646240679800, -0.22119699656955533
1568252476354171800, 7645590419400, -0.19167014753856643
1568252475112493200, 7644348740800, -0.19578393397294724
1568252589919060900, 7759155308500, -0.18401309384812792
1568252626288918900, 7795525166500, -0.20438676417801296
1568252626045568700, 7795281816300, -0.20588710061946575
1568252624933543600, 7794169791200, -0.19273404819186707
1568252700803984000, 7870040231600, -0.22110668666146593
1568252740111121500, 7909347369100, -0.22089518093667102
1568252739195570900, 7908431818500, -0.2180275868904264
1568252778266620700, 7947502868300, -0.22089952075653563
1568252813565759300, 7982802006900, -0.20460736518529182
1568252891251858800, 8060488106400, -0.21993640953543092
1568252890373208400, 8059609456000, -0.21429248782139543
1568252929767781900, 8099004029500, -0.2208587131762617
1568252926699987700, 8095936235300, -0.21000548466031776
1568252926447661200, 8095683908800, -0.22099970292158333
1568253004479135200, 8173715382800, -0.2174921520970622
1568253078594468400, 8247830716000, -0.1984512629737563
1568253118942592900, 8288178840500, -0.19667065971550196
1568253193921676000, 8363157923600, -0.21447017992004896
1568253193667356400, 8362903604000, -0.20020130539881037
1568253192933319500, 8362169567100, -0.1998733605266515
1568253231756326300, 8400992573900, -0.22121212121212117
1568253268035971000, 8437272218600, -0.21320906439854126
1568253267819549700, 8437055797300, -0.22082674642569888
1568253267264038700, 8436500286300, -0.22121211973761715
1568253307384189500, 8476620437100, -0.1883548112078754
1568253383299616800, 8552535864400, -0.21975792006912603
1568253383284655200, 8552520902800, -0.19715136421811125
1568253383122090800, 8552358338400, -0.19850432319733954
1568253420314809100, 8589551056700, -0.1909454446861484
1568253418382976900, 8587619224500, -0.1881134706757646
1568253494704936800, 8663941184400, -0.22097456781014224
1568253573939739900, 8743175987500, -0.20783870266821763
1568253573746258200, 8742982505800, -0.22114117305523828
1568253572197401400, 8741433649000, -0.2212114789420265
1568253571882243800, 8741118491400, -0.22121043080123928
1568253648230575800, 8817466823400, -0.19104885150305687
1568253684856356000, 8854092603600, -0.21708990635079584
1568253723661969600, 8892898217200, -0.2199926150291242
1568253722456198300, 8891692445900, -0.18344921316956073
1568253763266618100, 8932502865700, -0.2183333301081189
1568253760905931900, 8930142179500, -0.22121212007018637
1568253799926708800, 8969162956400, -0.2063945125525311
1568253838413102200, 9007649349800, -0.22116323820792727
1568253874354366400, 9043590614000, -0.22041984154125122
1568253914294854100, 9083531101700, -0.18705133523248513
1568253952600100300, 9121836347900, -0.21521582532058092
1568253989443114400, 9158679362000, -0.19588503663644888
1568253988564467100, 9157800714700, -0.22119809411447222
1568254029246777500, 9198483025100, -0.2199558691111573
1568254027128444500, 9196364692100, -0.21818570738546822
1568254066239382400, 9235475630000, -0.22003832140204266
1568254102420868000, 9271657115600, -0.2165330143480461
1568254141384285400, 9310620533000, -0.2207770887166864
1568254139705775300, 9308942022900, -0.22120997353444277
1568254179642350100, 9348878597700, -0.19414572569131544
1568254218331932500, 9387568180100, -0.21666935261501954
1568254217388456000, 9386624703600, -0.22109044658729135
1568254255893077800, 9425129325400, -0.22061981453430002
1568254293459585600, 9462695833200, -0.22121202140088483
1568254292436323300, 9461672570900, -0.2206560375339278
1568254332813975300, 9502050222900, -0.18268252579246252
1568254370585252200, 9539821499800, -0.22114474861432115
1568254408729205400, 9577965453000, -0.20334933899844654
1568254405905758100, 9575142005700, -0.1895627366615673
1568254445497065200, 9614733312800, -0.2208545023340976
1568254445354447500, 9614590695100, -0.21681867677016464
1568254484179311000, 9653415558600, -0.22114244450331963
1568254520959714600, 9690195962200, -0.22109471634170852
1568254520304464500, 9689540712100, -0.22121207380246993
1568254558951065600, 9728187313200, -0.1944175230509716
1568254558711707900, 9727947955500, -0.1878817955239235
1568254596907174300, 9766143421900, -0.2077654273274006
1568254634886168000, 9804122415600, -0.22082783362097794
1568254673110574100, 9842346821700, -0.21653604448745895
1568254672667759200, 9841904006800, -0.19942946091522765
1568254709699869500, 9878936117100, -0.21513173742201114
1568254748369756400, 9917606004000, -0.2014200018471494
1568254748222149900, 9917458397500, -0.18340506127207123
1568254788847882800, 9958084130400, -0.22050976027085417
1568254788271425400, 9957507673000, -0.20788185899776335
1568254826891080100, 9996127327700, -0.20787921684390942
1568254865669199100, 10034905446700, -0.22092076173138098
1568254940654269700, 10109890517300, -0.2212066657514887
1568254938595776300, 10107832023900, -0.21383492323460104
1568254980039854500, 10149276102100, -0.19213091840983232
1568254977149588200, 10146385835800, -0.22101974481210618
1568255017621906800, 10186858154400, -0.21983531135767143
1568255056192728300, 10225428975900, -0.20474670675922008
1568255055756891600, 10224993139200, -0.21498352758438277
1568255054811421300, 10224047668900, -0.22121211682953623
1568255053745272500, 10222981520100, -0.20461981696097423
1568255171428600100, 10340664847700, -0.19134947054043952
1568255208647564600, 10377883812200, -0.22097975534992023
1568255208113992100, 10377350239700, -0.22121058131955493
1568255246854613800, 10416090861400, -0.2212096131170696
1568255244795121900, 10414031369500, -0.20493454896569277
1568255244297452900, 10413533700500, -0.21721347290903312
1568255322989992700, 10492226240300, -0.22121212112963434
1568255359881043800, 10529117291400, -0.2149650602898971
1568255400573435200, 10569809682800, -0.22113919639602245
1568255398803171300, 10568039418900, -0.18332147332779675
1568255397967406000, 10567203653600, -0.20900445362892717
1568255439635617000, 10608871864600, -0.2208754064744552
1568255438503608100, 10607739855700, -0.2184138286614774
1568255553155116600, 10722391364200, -0.20737353996996738
1568255552980584000, 10722216831600, -0.2112703280068448
1568255551968292000, 10721204539600, -0.21438120802851485
1568255591128906800, 10760365154400, -0.22005451501429174
1568255590695068800, 10759931316400, -0.22095907286908695
1568255588629594200, 10757865841800, -0.2080043697633578
1568255630548017800, 10799784265400, -0.20400112104479795
1568255667944830700, 10837181078300, -0.21170787781764452
1568255744054391800, 10913290639400, -0.1946571807439766
1568255782829190600, 10952065438200, -0.2018785427526671
1568255821750247300, 10990986494900, -0.22121125587471221
1568255820394871500, 10989631119100, -0.21450162921105453
1568255819981977300, 10989218224900, -0.2212086923288964
1568255860253756300, 11029490003900, -0.22121199181932794
1568255895105290900, 11064341538500, -0.22099103799207928
1568255934898110700, 11104134358300, -0.192736270804842
1568255972188679600, 11141424927200, -0.22120882782940013
1568256050806085700, 11220042333300, -0.22101477853852913
1568256047883903000, 11217120150600, -0.20928398435264833
1568256088697033700, 11257933281300, -0.20365530641847152
1568256088086665500, 11257322913100, -0.22121172092965352
1568256126169631600, 11295405879200, -0.22100916719482047
1568256125796629400, 11295032877000, -0.193750203773353
1568256166171614200, 11335407861800, -0.2210497708361867
1568256241100040100, 11410336287700, -0.22119513553399234
1568256282367355400, 11451603603000, -0.20775767035707274
1568256318126417400, 11487362665000, -0.2211184324939635
1568256317306610800, 11486542858400, -0.21532190680881763
1568256356464891000, 11525701138600, -0.1935851815042155
1568256395262242400, 11564498490000, -0.221209207946597
1568256433823843400, 11603060091000, -0.19704051870050523
1568256473158975700, 11642395223300, -0.217370076416194
1568256472587530200, 11641823777800, -0.20015727570232794
1568256511186571800, 11680422819400, -0.21896931760862845
1568256586695679400, 11755931927000, -0.19381639306406362
1568256628052868300, 11797289115900, -0.22037030978192818
1568256627962111400, 11797198359000, -0.20920701336867714
1568256626913915500, 11796150163100, -0.2123890287571895
1568256744567127700, 11913803375300, -0.2175374851060933
1568256742470704400, 11911706952000, -0.1997219426197026
1568256779766932300, 11949003179900, -0.22095943978161925
1568256779594392700, 11948830640300, -0.2212023528479573
1568256819135724300, 11988371971900, -0.19752097046743194
1568256858413495400, 12027649743000, -0.22120472258914223
1568256858048472300, 12027284719900, -0.20456982062035295
1568256897391178500, 12066627426100, -0.18817536893566017
1568256894564741200, 12063800988800, -0.21674131087642695
1568256973477845200, 12142714092800, -0.1900169520924059
1568257013919068500, 12183155316100, -0.2209478475254561
1568257013197996700, 12182434244300, -0.20314821064242156
1568257050031458400, 12219267706000, -0.19569459267832215
1568257090453478100, 12259689725700, -0.20661451226977606
1568257088467812600, 12257704060200, -0.22121194448487402
1568257167417838800, 12336654086400, -0.21798870619875743
1568257203509958900, 12372746206500, -0.1979825321260128
1568257243711642700, 12412947890300, -0.2202656415059739
1568257281585813300, 12450822060900, -0.19072889368667995
1568257281540934100, 12450777181700, -0.2212080685805875
1568257280570529200, 12449806776800, -0.1920540133082257
1568257358678694800, 12527914942400, -0.2201057185838447
1568257357854898600, 12527091146200, -0.22120556917621273
1568257397355217300, 12566591464900, -0.2033504117658326
1568257438358184700, 12607594432300, -0.22034092791372997
1568257512244584200, 12681480831800, -0.21843500520080056
1568257511874574400, 12681110822000, -0.20240478414529334
1568257553827409700, 12723063657300, -0.1946284133107946
1568257550692800500, 12719929048100, -0.19689383640163838
1568257590379296600, 12759615544200, -0.19157491652001318
1568257628967776600, 12798204024200, -0.21393579310761707
1568257627670247900, 12796906495500, -0.2183645222837683
1568257745286221800, 12914522469400, -0.19948606442048508
1568257745101714700, 12914337962300, -0.21706598256967985
1568257743518948500, 12912755196100, -0.21421492633112005
1568257824351466300, 12993587713900, -0.21855587139997346
1568257859360794200, 13028597041800, -0.22022861246479594
1568257900240188700, 13069476436300, -0.21914055243011812
1568257898910746200, 13068146993800, -0.2211779079655541
1568257940306781600, 13109543029200, -0.22092874544638602
1568257939200740300, 13108436987900, -0.20100175588129254
1568258017972463800, 13187208711400, -0.2212038313530027
1568258017914618100, 13187150865700, -0.22110139112069627
1568258056853155500, 13226089403100, -0.21921643493123863
1568258172863582500, 13342099830100, -0.21855320139800846
1568258172829673500, 13342065921100, -0.22119914730582124
1568258170865927200, 13340102174800, -0.194233495995899
1568258249972901700, 13419209149300, -0.22120991174076576
1568258247983224200, 13417219471800, -0.1888412580701721
1568258289121399100, 13458357646700, -0.2207132390804877
1568258287127731600, 13456363979200, -0.2211459571393955
1568258325439836200, 13494676083800, -0.20989681330988091
1568258406623978100, 13575860225700, -0.20784770762036744
1568258445678084600, 13614914332200, -0.20937193896111206
1568258443329366400, 13612565614000, -0.22118816306086989
1568258482640249600, 13651876497200, -0.2209185571859959
1568258482378917000, 13651615164600, -0.21311906952810528
1568258524859721800, 13694095969400, -0.2146073957275028
1568258601777110500, 13771013358100, -0.2206200560299199
1568258642363244500, 13811599492100, -0.22121171278500734
1568258640615919200, 13809852166800, -0.21054625785693779
1568258719272387100, 13888508634700, -0.22005794929467193
1568258718986155200, 13888222402800, -0.2156126301760268
1568258717378453100, 13886614700700, -0.21502028068009382
1568258756761170400, 13925997418000, -0.22121050027373496
1568258756236574200, 13925472821800, -0.20603114162657438
1568258836172801500, 14005409049100, -0.2029455905996506
1568258962503971200, 14131740218800, -0.22084248744337573
1568259002294899900, 14171531147500, -0.19002878548446703
1568259001980712000, 14171216959600, -0.22104732372835667
1568258999862376800, 14169098624400, -0.20760354819215796
1568259041306809700, 14210543057300, -0.1963348036685043
1568259081026767300, 14250263014900, -0.22071606861938392
1568259080186015800, 14249422263400, -0.21976555618465826
1568259123454924800, 14292691172400, -0.21901596704412477
1568259200906163400, 14370142411000, -0.2167228588370425
1568259199735296100, 14368971543700, -0.19769824134577438
1568259240483532000, 14409719779600, -0.17744936499808964
1568259282553237500, 14451789485100, -0.19664849133424533
1568259278659654500, 14447895902100, -0.2208756891423952
1568259362007089800, 14531243337400, -0.22120017344712742
1568259359734172600, 14528970420200, -0.20813185951964586
1568259442124920000, 14611361167600, -0.2202338268948797
1568259440509240400, 14609745488000, -0.22108672476901783
1568259480558747600, 14649794995200, -0.21546069178266802
1568259479941397700, 14649177645300, -0.1999570603736375
1568259478929106000, 14648165353600, -0.19963125927718117
1568259519004409300, 14688240656900, -0.19336595202631604
1568259602302607200, 14771538854800, -0.2166652951059133
1568259641359349300, 14810595596900, -0.21549823674686158
1568259681397969800, 14850634217400, -0.20111751979371462
1568259681339126800, 14850575374400, -0.221156794659482
1568259721938452800, 14891174700400, -0.22113771401218446
1568259721762922700, 14890999170300, -0.22121141553492218
1568259720780551000, 14890016798600, -0.1990404281910848
1568259763445779700, 14932682027300, -0.17547422454069478
1568259842603587300, 15011839834900, -0.22108879990087518
1568259920682686800, 15089918934400, -0.20569141256633927
1568259959624329400, 15128860577000, -0.2211383843578298
1568260003186099500, 15172422347100, -0.21301522500288472
1568260040833300300, 15210069547900, -0.21619343594524895
1568260040362559500, 15209597810000, -0.21857916474561717
1568260160565834700, 15329802082300, -0.2212116756554648
1568260159296231100, 15328532478700, -0.22116330938183498
1568260202387171600, 15371623419200, -0.22114004588737216
1568260199435069000, 15368671316600, -0.2184219144291124
1568260240040151200, 15409276398800, -0.1918351485719691
1568260239115622900, 15408351870500, -0.21993264466536305
1568260280364532500, 15449600780100, -0.21005108024423025
1568260280129161400, 15449365409000, -0.19291010569268274
1568260401001009200, 15570237256800, -0.1800152275416474
1568260442502368200, 15611738615800, -0.19130696483995585
1568260441559889900, 15610796137500, -0.22065137578032729
1568260440284302200, 15609520549800, -0.21839881832919755
1568260520288718000, 15689524965600, -0.2005348766974745
1568260519785064600, 15689021312200, -0.21770379220361946
1568260519511795500, 15688748043100, -0.1890373425296376
1568260600143767200, 15769380014800, -0.19082237959359938
1568260642635783300, 15811872030900, -0.19811165427326843
1568260681380431900, 15850616679500, -0.22107792665977363
1568260679516417600, 15848752665200, -0.22121168697234406
1568260719026219200, 15888262466800, -0.19870756129437855
1568260761177732200, 15930413979800, -0.2010723569887195
1568260760899508200, 15930135755800, -0.19880905224413553
1568260842736502600, 16011972750200, -0.19274204253018357
1568260842255789000, 16011492036600, -0.220695962576667
1568260883073850400, 16052310098000, -0.18892612612331233
1568260967144060200, 16136380307800, -0.20890674799901812
1568260966573586500, 16135809834100, -0.2000306206088314
1568261006978722900, 16176214970500, -0.20113072692721617
1568261046912056800, 16216148304400, -0.22121209385642854
1568261087987155900, 16257223403500, -0.22121161097332687
1568261086406384200, 16255642631800, -0.1909947526222134
1568261170838795900, 16340075043500, -0.221159290192952
1568261210228405900, 16379464653500, -0.22121212108299265
1568261249960974800, 16419197222400, -0.20595207259048914
1568261289890529000, 16459126776600, -0.2109543561663599
1568261332318660700, 16501554908300, -0.21887888427065155
1568261330018812300, 16499255059900, -0.19145330168329588
1568261374016291400, 16543252539000, -0.22094928972524897
1568261411532039800, 16580768287400, -0.1946828621627259
1568261535712784200, 16704949031800, -0.2174054752479347
1568261534295576000, 16703531823600, -0.22120307116125904
1568261533962467000, 16703198714600, -0.20130591138537735
1568261577176216400, 16746412464000, -0.22121197329032782
1568261573781297900, 16743017545500, -0.2200612454444513
1568261618256515500, 16787492763100, -0.20588051487623463
1568261617030761400, 16786267009000, -0.2193636034610995
1568261780263833600, 16949500081200, -0.2082786231035353
1568261779969620400, 16949205868000, -0.21893825037669537
1568261779415129300, 16948651376900, -0.22119486733742705
1568261777930076300, 16947166323900, -0.22104823306468893
1568261820614757800, 16989851005400, -0.20935244773487247
1568261901473480900, 17070709728500, -0.22119681741009747
1568261981120370800, 17150356618400, -0.19727104557442077
1568261979455822300, 17148692069900, -0.22002708811457414
1568262021150748300, 17190386995900, -0.21804150296916552
1568262064931901400, 17234168149000, -0.2208824959575821
1568262064576853000, 17233813100600, -0.20929138974325054
1568262227193070000, 17396429317600, -0.2106918331829558
1568262225002929000, 17394239176600, -0.2018104905159923
1568262269508720800, 17438744968400, -0.21436327378522502
1568262268725848200, 17437962095800, -0.2211879776049085
1568262267959876800, 17437196124400, -0.21771699547171175
1568262309482940100, 17478719187700, -0.21859440925146661
1568262350563512100, 17519799759700, -0.215671023877336
1568262516045562300, 17685281809900, -0.2128491120457915
1568262559148334000, 17728384581600, -0.20253927213932804
1568262556910320000, 17726146567600, -0.22120688155292795
1568262556675947800, 17725912195400, -0.196302625470278
1568262602240306200, 17771476553800, -0.21497090350781156
1568262600866981400, 17770103229000, -0.2210248474001446
1568262600030217600, 17769266465200, -0.2212010867725276
1568262598868325800, 17768104573400, -0.19816124004603797
1568262764104090500, 17933340338100, -0.22115590811458757
1568262761764376900, 17931000624500, -0.19654621618555576
1568262806258418100, 17975494665700, -0.19649678218245503
1568262845114407100, 18014350654700, -0.2210700827347412
1568262888993475200, 18058229722800, -0.21932563205994066
1568262887256124400, 18056492372000, -0.21777151553841342
1568262928770189800, 18098006437400, -0.2182394194416574
1568262928213679600, 18097449927200, -0.2211713400398544
1568263012445329700, 18181681577300, -0.21871932244633915
1568263011146804700, 18180383052300, -0.1938508302915939
1568263093089774100, 18262326021700, -0.2069093586359238
1568263171008146900, 18340244394500, -0.21716891731882132
1568263215826714100, 18385062961700, -0.20766439594417735
1568263214124269500, 18383360517100, -0.21476328589898985
1568263255856590900, 18425092838500, -0.19644314916412223
1568263251764488000, 18421000735600, -0.22121210671553204
1568263293801875400, 18463038123000, -0.194818470732044
1568263415259843900, 18584496091500, -0.22119902486328455
1568263458066388200, 18627302635800, -0.19782913134016916
1568263500406748800, 18669642996400, -0.21058529160808784
1568263498196661300, 18667432908900, -0.22109017983142132
1568263497061651400, 18666297899000, -0.22121047461671076
1568263539566451900, 18708802699500, -0.19727296800921212
1568263537265606900, 18706501854500, -0.22121186528772252
1568263581270457800, 18750506705400, -0.22052405547105744
1568263742586736000, 18911822983600, -0.21676509045605216
1568263742580753600, 18911817001200, -0.20751665110363932
1568263784287786000, 18953524033600, -0.18836431137840137
1568263824253154700, 18993489402300, -0.22118456747509238
1568263823710606700, 18992946854300, -0.21992537039156126
1568263866614370700, 19035850618300, -0.2212119227595168
1568263863599435300, 19032835682900, -0.20860764715814778
1568263904864231400, 19074100479000, -0.21978667579671493
1568263988368911800, 19157605159400, -0.22119311573076855
1568264114518703100, 19283754950700, -0.193281384481512
1568264113672966300, 19282909213900, -0.22121211406563002
1568264157159376300, 19326395623900, -0.22121041416352283
1568264155005138600, 19324241386200, -0.2155792369124849
1568264560524756000, 285515277200, -0.24398057573009002
1568264557323321800, 282313843000, -0.22741151899185175
1568264597183435400, 322173956600, -0.25181627577376064
1568264596406512000, 321397033200, -0.2516337368271271
1568264637203718800, 362194240000, -0.2518181814601193
1568264634878938100, 359869459300, -0.24459434497441807
1568264675841510200, 400832031400, -0.24921308390960414
1568264712012749200, 437003270400, -0.25150745057402313
1568264790394609600, 515385130800, -0.13121212120967993
1568264788367034900, 513357556100, -0.1302171108467758
1568264867286442700, 592276963900, -0.08956408195740298
1568264904816325900, 629806847100, -0.1311824937030899
1568264903750176000, 628740697200, -0.11368550587285951
1568264944789260100, 669779781300, -0.10917770328265404
1568264980735783200, 705726304400, -0.13121162715241955
1568265022942060100, 747932581300, -0.1312121209246846
1568265021336356000, 746326877200, -0.1311769794547341
