1563725073, 694, 1.8969144761087773
1563725769, 116, 1.9070980474654833
1563725768, 115, 1.9109327284507127
1563725766, 113, 1.9044256438122744
1563725765, 112, 1.9072448780824265
1563725763, 110, 1.9070717590985955
1563725761, 108, 1.8745976614758755
1563725780, 127, 1.9098475487025084
1563725778, 125, 1.9076659048404476
1563725776, 123, 1.9072746537169023
1563725775, 122, 1.9112613056053342
1563725773, 120, 1.9053410927814454
1563725771, 118, 1.9056524560361494
1563725790, 137, 1.9064686155054893
1563725788, 135, 1.9058436555319105
1563725786, 133, 1.9060113268163101
1563725784, 131, 1.9090337691654045
1563725782, 129, 1.9067720355544564
1563725800, 147, 1.9086200157777846
1563725798, 145, 1.9025775777303149
1563725797, 144, 1.906654209646999
1563725795, 142, 1.9026529417547302
1563725793, 140, 1.9089350674372438
1563725791, 138, 1.9067019839581303
1563725810, 157, 1.9087587547742624
1563725809, 156, 1.9088006169580443
1563725807, 154, 1.9074923733867095
1563725805, 152, 1.9041227942603862
1563725804, 151, 1.9057222158333962
1563725802, 149, 1.9096569142996616
1563725820, 167, 1.909597946985673
1563725819, 166, 1.9097469958937345
1563725817, 164, 1.911219887225766
1563725815, 162, 1.9063545350921218
1563725814, 161, 1.9109747808186281
1563725812, 159, 1.9082505567329167
1563725831, 178, 1.9045487548919198
1563725829, 176, 1.9075319036739316
1563725827, 174, 1.9084435472263992
1563725826, 173, 1.9059082148713744
1563725824, 171, 1.906769261845872
1563725822, 169, 1.9088221137950674
1563725839, 186, 1.9049095824817084
1563725838, 185, 1.9089811844395521
1563725836, 183, 1.9015845081693044
1563725834, 181, 1.903944792277515
1563725833, 180, 1.9014842727492833
1563725850, 197, 1.906552126534719
1563725848, 195, 1.9072829621072518
1563725847, 194, 1.9062876335595405
1563725845, 192, 1.904846027450109
1563725843, 190, 1.9068804798899572
1563725841, 188, 1.9030100512562307
1563725861, 208, 1.906432527015359
1563725859, 206, 1.909500913570339
1563725857, 204, 1.9046442489162703
1563725855, 202, 1.9083223952326875
1563725854, 201, 1.9038754092666232
1563725852, 199, 1.9112366413880102
1563725871, 218, 1.9068895231046301
1563725869, 216, 1.9043281680809612
1563725868, 215, 1.9082535597740922
1563725866, 213, 1.9065947686964737
1563725864, 211, 1.9081877040843283
1563725862, 209, 1.903763526849776
1563725880, 227, 1.909019510587659
1563725878, 225, 1.902084804170946
1563725876, 223, 1.9052271152818376
1563725875, 222, 1.909307267108374
1563725873, 220, 1.9096634546944866
1563725890, 237, 1.9042363224937866
1563725889, 236, 1.9048616377479621
1563725887, 234, 1.9061781795769193
1563725885, 232, 1.909495215785678
1563725883, 230, 1.9075621886591954
1563725882, 229, 1.90520414976317
1563725901, 248, 1.905571089092117
1563725899, 246, 1.9040396664579253
1563725897, 244, 1.9072796235325302
1563725896, 243, 1.9048320867067232
1563725894, 241, 1.9105294148826208
1563725892, 239, 1.9041840376949937
1563725911, 258, 1.903771724017153
1563725909, 256, 1.9063166156257942
1563725908, 255, 1.9079529045856845
1563725906, 253, 1.9061757029267452
1563725904, 251, 1.9095841366617912
1563725902, 249, 1.9095758965667526
1563725920, 267, 1.906242590042223
1563725918, 265, 1.9087824753294484
1563725916, 263, 1.9061824261372282
1563725915, 262, 1.908605227801388
1563725913, 260, 1.9087489531359079
1563725931, 278, 1.9072206949192383
1563725929, 276, 1.90537335736203
1563725927, 274, 1.9047264494326892
1563725926, 273, 1.9089785665443788
1563725923, 270, 1.9079162913431205
1563725922, 269, 1.9062598620170441
1563725941, 288, 1.9104371729484715
1563725940, 287, 1.9040075422430442
1563725938, 285, 1.9060889932775356
1563725936, 283, 1.9075015804749507
1563725934, 281, 1.9055380379527636
1563725933, 280, 1.907242209149165
1563726199, 546, 1.9071809201558958
1563726198, 545, 1.9072248071823337
1563726197, 544, 1.910106827628177
1563726195, 542, 1.9039098603139157
1563726194, 541, 1.9068135201177654
1563726192, 539, 1.9135986089829933
1563726191, 538, 1.9091317549031817
1563726190, 537, 1.9125825094303608
1563726209, 556, 1.9035422496370729
1563726207, 554, 1.913958818597295
1563726206, 553, 1.9121321107828784
1563726205, 552, 1.9080533166008582
1563726204, 551, 1.9149707655405155
1563726202, 549, 1.903363929592139
1563726201, 548, 1.9036262983285317
1563726219, 566, 1.9097905888112094
1563726218, 565, 1.9131141569614094
1563726217, 564, 1.9100775558588126
1563726215, 562, 1.906478667001827
1563726214, 561, 1.9091924022264604
1563726213, 560, 1.9054815105285012
1563726212, 559, 1.9099073116005014
1563726211, 558, 1.9070929217283386
1563726210, 557, 1.9077709908654643
1563726229, 576, 1.9046409446873567
1563726228, 575, 1.9052380517113843
1563726227, 574, 1.906382962881401
1563726226, 573, 1.904592113633254
1563726224, 571, 1.905994503105162
1563726223, 570, 1.9079830220517022
1563726222, 569, 1.916347699853506
1563726221, 568, 1.9063940835618813
1563726220, 567, 1.9029195179633682
1563726240, 587, 1.901890357966616
1563726238, 585, 1.9043780139868545
1563726237, 584, 1.9047596144525238
1563726236, 583, 1.908482299743402
1563726235, 582, 1.909455341315253
1563726234, 581, 1.8986800556970145
1563726233, 580, 1.9093647494758237
1563726231, 578, 1.9025758958699714
1563726230, 577, 1.9059363299184706
1563726249, 596, 1.9065449364361637
1563726248, 595, 1.9085196613526547
1563726247, 594, 1.9061393101259279
1563726245, 592, 1.903255386923207
1563726244, 591, 1.9069428145745697
1563726243, 590, 1.911533095017731
1563726242, 589, 1.9056378939151883
1563726241, 588, 1.9099298040307302
1563726259, 606, 1.910066793888366
1563726258, 605, 1.9103404765978962
1563726257, 604, 1.9114396124232187
1563726256, 603, 1.9032070938677634
1563726255, 602, 1.9000393473728465
1563726254, 601, 1.9020359338035389
1563726252, 599, 1.9063171156584635
1563726251, 598, 1.909157852907103
1563726250, 597, 1.9081015308166567
1563726269, 616, 1.9097237849709747
1563726268, 615, 1.904618927422008
1563726267, 614, 1.9083526935468214
1563726266, 613, 1.9047915947637477
1563726265, 612, 1.913306556718527
1563726264, 611, 1.9087610986295334
1563726263, 610, 1.9133092095287945
1563726262, 609, 1.9057574948636764
1563726261, 608, 1.906336388112744
1563726280, 627, 1.9072374163203067
1563726279, 626, 1.9059648462063439
1563726278, 625, 1.8969394069597385
1563726277, 624, 1.9058295341443212
1563726276, 623, 1.9123091688715033
1563726275, 622, 1.901305609928747
1563726274, 621, 1.9101002991606737
1563726273, 620, 1.9151557970759896
1563726272, 619, 1.905468337582582
1563726270, 617, 1.9069537551190232
1563726290, 637, 1.910503995201676
1563726289, 636, 1.9040406035207607
1563726288, 635, 1.9074496893927144
1563726287, 634, 1.8967911295820716
1563726286, 633, 1.8993163128622452
1563726285, 632, 1.9042888463224343
1563726284, 631, 1.9041777184199826
1563726283, 630, 1.9025743162438244
1563726282, 629, 1.89999925373216
1563726281, 628, 1.901310106059194
1563726280, 627, 1.9011350875610686
1563726298, 645, 1.9055988019979864
1563726296, 643, 1.9105195334897669
1563726294, 641, 1.924106766998562
1563726293, 640, 1.8978667110630063
1563726292, 639, 1.8910572590773198
1563726291, 638, 1.9071751234816876
1563726290, 637, 1.9004741013736812
1563726308, 655, 1.9007948513818513
1563726306, 653, 1.9039675724531528
1563726304, 651, 1.9048741779053426
1563726302, 649, 1.9094638490173281
1563726300, 647, 1.909941631349289
1563726320, 667, 1.9076567671543831
1563726318, 665, 1.9053627572487997
1563726316, 663, 1.9047549617980026
1563726314, 661, 1.9101437188892036
1563726312, 659, 1.9089131343870636
1563726310, 657, 1.9090753301548247
1563726329, 676, 1.9088637492884868
1563726327, 674, 1.9013522358094128
1563726326, 673, 1.9079585290028727
1563726324, 671, 1.9043718076071139
1563726322, 669, 1.9097829820409664
1563726339, 686, 1.9060427438865313
1563726337, 684, 1.9035200398581287
1563726335, 682, 1.908839207010309
1563726333, 680, 1.9110956235041427
1563726331, 678, 1.905945735336785
1563726349, 696, 1.9064025382799545
1563726347, 694, 1.907002851997861
1563726345, 692, 1.906348121903375
1563726343, 690, 1.9060694506190208
1563726341, 688, 1.908027487594082
1563726358, 705, 1.906275233075433
1563726356, 703, 1.9040577036285724
1563726354, 701, 1.9076040998157193
1563726352, 699, 1.908212095185162
1563726350, 697, 1.91115315691531
1563726370, 717, 1.9069220935032443
1563726368, 715, 1.906674671720176
1563726366, 713, 1.9082189231448805
1563726364, 711, 1.9056156450057913
1563726362, 709, 1.90756703980516
1563726360, 707, 1.9116101938483316
1563726380, 727, 1.9074861823701046
1563726378, 725, 1.902097222258804
1563726376, 723, 1.907457139833897
1563726374, 721, 1.9072209059719725
1563726372, 719, 1.9104239322670236
1563726390, 737, 1.9077218157482079
1563726388, 735, 1.904774603054274
1563726386, 733, 1.906458439388744
1563726384, 731, 1.90878900999245
1563726382, 729, 1.9080313770352688
1563726400, 747, 1.9091395670306917
1563726398, 745, 1.9038945182365206
1563726396, 743, 1.9092485715902587
1563726394, 741, 1.9107385305035267
1563726392, 739, 1.9051077085127044
1563726410, 757, 1.9096378029614722
1563726408, 755, 1.9082915993877474
1563726406, 753, 1.9078192141882873
1563726404, 751, 1.9080089289987197
1563726402, 749, 1.906080842554708
1563726420, 767, 1.9066792698245238
1563726418, 765, 1.9065743591056705
1563726416, 763, 1.9027456638317428
1563726414, 761, 1.9070711941559626
1563726412, 759, 1.9056214801140634
1563726430, 777, 1.9088511423420897
1563726428, 775, 1.9056130046398165
1563726426, 773, 1.9086717613541715
1563726424, 771, 1.906790481191539
1563726422, 769, 1.9083677645874022
1563726441, 788, 1.9080085996756981
1563726438, 785, 1.9048461799810295
1563726436, 783, 1.9045757358001012
1563726434, 781, 1.9073241940190921
1563726432, 779, 1.9043569875058004
1563726449, 796, 1.9014462540152104
1563726447, 794, 1.90671657496265
1563726445, 792, 1.9064202226374365
1563726443, 790, 1.9072121436054157
1563726460, 807, 1.9037550911887784
1563726457, 804, 1.9065664857322628
1563726455, 802, 1.9101410885074077
1563726453, 800, 1.9063552798506642
1563726451, 798, 1.9061006397141416
1563726470, 817, 1.9060446654179677
1563726468, 815, 1.9046996945847035
1563726466, 813, 1.9041028963000162
1563726464, 811, 1.9068806038773445
1563726462, 809, 1.9093550762344564
1563726479, 826, 1.909184174565084
1563726477, 824, 1.907338902311065
1563726475, 822, 1.902957254765721
1563726473, 820, 1.9080914898646408
1563726490, 837, 1.908523562978159
1563726488, 835, 1.9035187075881475
1563726486, 833, 1.907516119701708
1563726484, 831, 1.9094728121609377
1563726481, 828, 1.9097715921369254
1563726499, 846, 1.905843626443028
1563726497, 844, 1.9063625483474347
1563726495, 842, 1.9047023706328465
1563726492, 839, 1.90756283777114
1563726510, 857, 1.9053491625067238
1563726508, 855, 1.9052189071174215
1563726506, 853, 1.9104208322855216
1563726503, 850, 1.9047925579395597
1563726501, 848, 1.9075622387945412
1563726521, 868, 1.9073560262119225
1563726519, 866, 1.9044523860292963
1563726517, 864, 1.9057889637363568
1563726516, 863, 1.9080307960114853
1563726514, 861, 1.9112693141383317
1563726512, 859, 1.907807980874493
1563726531, 878, 1.9089684724835705
1563726529, 876, 1.9087227712305515
1563726528, 875, 1.905224224580802
1563726526, 873, 1.9072964643687118
1563726524, 871, 1.9109014924596412
1563726522, 869, 1.9065102779159118
1563726540, 887, 1.9063467781048706
1563726538, 885, 1.9095218943005063
1563726536, 883, 1.905039799829992
1563726535, 882, 1.904126144858884
1563726533, 880, 1.9025729481708018
1563726550, 897, 1.9063741830171699
1563726549, 896, 1.9061225215716406
1563726547, 894, 1.9109411481891942
1563726545, 892, 1.907145091198726
1563726543, 890, 1.9058106208342958
1563726542, 889, 1.903954334154766
1563726561, 908, 1.90274117973596
1563726559, 906, 1.904500608503456
1563726557, 904, 1.9058133160745507
1563726556, 903, 1.905983397049532
1563726554, 901, 1.9097570200217686
1563726552, 899, 1.906311289784607
1563726570, 917, 1.9109435820068954
1563726568, 915, 1.9057815470624082
1563726566, 913, 1.9060348665603817
1563726565, 912, 1.9079915258253743
1563726563, 910, 1.9064372043730533
1563726581, 928, 1.9093587227079485
1563726579, 926, 1.9113042143212344
1563726577, 924, 1.9033246971464572
1563726575, 922, 1.9039548233789045
1563726573, 920, 1.9057143337603526
1563726572, 919, 1.9063582821314593
1563726590, 937, 1.90752582737633
1563726588, 935, 1.911145734068376
1563726586, 933, 1.905458538259255
1563726584, 931, 1.90911129359523
1563726582, 929, 1.9115101939189296
1563726601, 948, 1.9085443550309762
1563726599, 946, 1.9079575646638023
1563726597, 944, 1.901995020089937
1563726595, 942, 1.9129295922727596
1563726593, 940, 1.905149432059797
1563726591, 938, 1.9038499561417632
1563726610, 957, 1.9056357430809439
1563726608, 955, 1.9082493768864373
1563726606, 953, 1.9070411712056001
1563726604, 951, 1.904123207428317
1563726602, 949, 1.9064641999225789
1563726621, 968, 1.9078753937298971
1563726619, 966, 1.9047655479085048
1563726617, 964, 1.91051002794714
1563726615, 962, 1.9046580528261177
1563726614, 961, 1.9071261901165135
1563726612, 959, 1.9066558665715136
1563726630, 977, 1.9107711966032228
1563726628, 975, 1.9068671816253915
1563726627, 974, 1.9056022295342947
1563726625, 972, 1.907480681225322
1563726623, 970, 1.9077284844043711
1563726640, 987, 1.903969811458004
1563726638, 985, 1.906531371812254
1563726636, 983, 1.9089415078272403
1563726634, 981, 1.9103619017038755
1563726632, 979, 1.9057445238066808
1563726651, 998, 1.9043913401373176
1563726649, 996, 1.9067367275226264
1563726647, 994, 1.907192438386515
1563726645, 992, 1.9088934753034326
1563726643, 990, 1.9084679790255958
1563726642, 989, 1.9126606514412936
1563726661, 1008, 1.9098820121200928
1563726660, 1007, 1.9073716013685835
1563726658, 1005, 1.9008525734986896
1563726657, 1004, 1.9009158443031218
1563726656, 1003, 1.9075469585888545
1563726654, 1001, 1.9040017986797444
1563726653, 1000, 1.9089652722727375
1563726671, 1018, 1.9077994584283093
1563726669, 1016, 1.9035734403901878
1563726668, 1015, 1.9066223476038922
1563726667, 1014, 1.9100170974353965
1563726665, 1012, 1.9074659902283606
1563726664, 1011, 1.9109168392312998
1563726663, 1010, 1.9086566093265844
1563726681, 1028, 1.9020912092946898
1563726679, 1026, 1.9046028821781438
1563726678, 1025, 1.9072410946922924
1563726676, 1023, 1.9032094768011454
1563726675, 1022, 1.9045244313978167
1563726674, 1021, 1.9069631049184832
1563726672, 1019, 1.911968589418519
1563726692, 1039, 1.907317069305445
1563726690, 1037, 1.9045211209194315
1563726689, 1036, 1.9093178694649362
1563726687, 1034, 1.9083589100202571
1563726686, 1033, 1.9023892593587188
1563726685, 1032, 1.9091606706592696
1563726683, 1030, 1.90874388087072
1563726682, 1029, 1.9031642012400132
1563726702, 1049, 1.90949761244777
1563726700, 1047, 1.9067756992870726
1563726699, 1046, 1.9005667241004411
1563726697, 1044, 1.9138285676672984
1563726696, 1043, 1.9082519181041941
1563726694, 1041, 1.9096551987265837
1563726693, 1040, 1.9064687192237297
1563726711, 1058, 1.9061199755357892
1563726710, 1057, 1.909390452531471
1563726709, 1056, 1.906999145870489
1563726707, 1054, 1.9067040208133783
1563726706, 1053, 1.9061157555400616
1563726704, 1051, 1.9100903254920005
1563726703, 1050, 1.9072433656263617
1563726721, 1068, 1.9082638948910287
1563726720, 1067, 1.9059192028027399
1563726719, 1066, 1.9087849494460478
1563726717, 1064, 1.9022241594039475
1563726716, 1063, 1.9046813031260197
1563726714, 1061, 1.9082379865231047
1563726713, 1060, 1.9045903647407652
1563726731, 1078, 1.9088945885485489
1563726730, 1077, 1.9023554390262971
1563726729, 1076, 1.9078046397139643
1563726727, 1074, 1.9099065147682932
1563726726, 1073, 1.907965693102564
1563726724, 1071, 1.9080740266568046
1563726723, 1070, 1.908919549419404
1563726741, 1088, 1.897176802638582
1563726740, 1087, 1.912218897592312
1563726739, 1086, 1.9084914756507423
1563726737, 1084, 1.9015569127686673
1563726736, 1083, 1.910954260212464
1563726734, 1081, 1.9103716003527154
1563726733, 1080, 1.9124087315371645
1563726751, 1098, 1.9068372992473026
1563726750, 1097, 1.8988762536630943
1563726749, 1096, 1.901209343367788
1563726748, 1095, 1.9044832465053976
1563726747, 1094, 1.9039653172290523
1563726746, 1093, 1.905291722994238
1563726744, 1091, 1.907292289329097
1563726743, 1090, 1.9039973040251523
1563726759, 1106, 1.9036523714661504
1563726757, 1104, 1.905659661813025
1563726754, 1101, 1.9063953329469896
1563726770, 1117, 1.9067584518781675
1563726768, 1115, 1.903194834668011
1563726765, 1112, 1.8995863616328268
1563726762, 1109, 1.9049979556991747
1563726780, 1127, 1.901863251731151
1563726777, 1124, 1.9044640643512354
1563726773, 1120, 1.9094576560858798
1563726790, 1137, 1.9059498333857732
1563726786, 1133, 1.9027569911891995
1563726783, 1130, 1.9064233338318264
1563726802, 1149, 1.906458554476692
1563726799, 1146, 1.9043605956765133
1563726796, 1143, 1.9095320369447044
1563726793, 1140, 1.9070794694354083
1563726846, 11, 1.9029993172222837
1563726845, 10, 1.9043677955263363
1563726844, 9, 1.908154332188075
1563726843, 8, 1.9065540847921767
1563726842, 7, 1.9067368283969168
1563726841, 6, 1.9058040217217973
1563726840, 5, 1.908063237682567
1563726839, 4, 1.9067427807211657
1563726838, 3, 1.907162301222556
1563726856, 21, 1.9068222943485813
1563726855, 20, 1.9034955861980027
1563726854, 19, 1.9069389327747863
1563726853, 18, 1.9063602701040583
1563726852, 17, 1.9077705791510502
1563726850, 15, 1.908041257548034
1563726849, 14, 1.90926289570495
1563726848, 13, 1.9095795337840809
1563726847, 12, 1.9080120471966477
1563726866, 31, 1.9054194094181751
1563726865, 30, 1.9105627433273087
1563726864, 29, 1.9046375185098687
1563726863, 28, 1.906915943251211
1563726862, 27, 1.8982048513777598
1563726861, 26, 1.9071696943398677
1563726860, 25, 1.90467055234564
1563726858, 23, 1.9038723579900847
1563726857, 22, 1.907163159527829
1563726876, 41, 1.9073018496381298
1563726874, 39, 1.906749569509621
1563726873, 38, 1.906970379643491
1563726872, 37, 1.901668607513406
1563726871, 36, 1.9075882304113605
1563726870, 35, 1.9068465480708998
1563726869, 34, 1.9064939209460088
1563726867, 32, 1.905723810834956
1563726886, 51, 1.909456533421081
1563726885, 50, 1.9068689923614845
1563726884, 49, 1.9037357985286387
1563726883, 48, 1.906649639050987
1563726882, 47, 1.9092784642702665
1563726880, 45, 1.9083861210522872
1563726879, 44, 1.9071297134016254
1563726878, 43, 1.9051650260559647
1563726877, 42, 1.9049310807561781
1563726896, 61, 1.9112785783949502
1563726895, 60, 1.9084322293224545
1563726893, 58, 1.9079384011541032
1563726892, 57, 1.9083373232937098
1563726891, 56, 1.9057810147500451
1563726890, 55, 1.906646606754112
1563726889, 54, 1.9090915413007892
1563726887, 52, 1.907480034698328
1563726907, 72, 1.9073899138202801
1563726905, 70, 1.9057245080064897
1563726904, 69, 1.9087685231788936
1563726903, 68, 1.9088898253023345
1563726902, 67, 1.9084977235262024
1563726901, 66, 1.902780751756052
1563726899, 64, 1.906792047880644
1563726898, 63, 1.9053442184443365
1563726897, 62, 1.9094928507558695
1563726916, 81, 1.906136033420757
1563726915, 80, 1.9092563812535452
1563726914, 79, 1.9051715768138193
1563726913, 78, 1.9041275861749292
1563726912, 77, 1.9094500083305712
1563726910, 75, 1.9041182845230713
1563726909, 74, 1.9045077614885386
1563726908, 73, 1.9065706334978392
1563726926, 91, 1.9045488287837964
1563726925, 90, 1.9057294150384678
1563726924, 89, 1.9063043526117252
1563726923, 88, 1.9074886769968107
1563726921, 86, 1.9065804412967686
1563726920, 85, 1.907334765881819
1563726919, 84, 1.9066072785079937
1563726918, 83, 1.9087281926361428
1563726936, 101, 1.9068514752775905
1563726935, 100, 1.9060753928816976
1563726934, 99, 1.9080307852143932
1563726933, 98, 1.9075031467491337
1563726931, 96, 1.9021898034262756
1563726930, 95, 1.9094798008213054
1563726929, 94, 1.9086605859752712
1563726928, 93, 1.906971141338395
1563726947, 112, 1.9082711905834213
1563726945, 110, 1.9063220858690668
1563726944, 109, 1.906999774035703
1563726943, 108, 1.9078536547517277
1563726942, 107, 1.9069114910010734
1563726940, 105, 1.9045189886988743
1563726939, 104, 1.9081072817277704
1563726938, 103, 1.9040522285822021
1563726957, 122, 1.9091347509582224
1563726956, 121, 1.9070509400163431
1563726954, 119, 1.903333441229261
1563726953, 118, 1.9066907134646325
1563726952, 117, 1.9071815954282618
1563726951, 116, 1.9011388994016496
1563726949, 114, 1.9070894915207706
1563726948, 113, 1.90705463299086
1563726966, 131, 1.9123616454662666
1563726965, 130, 1.906900744312708
1563726964, 129, 1.9031399226562005
1563726963, 128, 1.9064927099645435
1563726962, 127, 1.906648423476093
1563726961, 126, 1.9074315689298313
1563726960, 125, 1.9067226662619772
1563726958, 123, 1.9037492639826719
1563726976, 141, 1.9099467576432518
1563726975, 140, 1.9083021285636794
1563726974, 139, 1.9034725675338064
1563726973, 138, 1.9117051770469358
1563726972, 137, 1.9103225712383196
1563726971, 136, 1.9104904969927585
1563726970, 135, 1.9066394624587055
1563726969, 134, 1.9114664150929241
1563726968, 133, 1.9066993716425429
1563726967, 132, 1.9121180460161629
1563726987, 152, 1.9054039419102702
1563726986, 151, 1.9087468237176308
1563726985, 150, 1.9059382281114086
1563726984, 149, 1.9080172873057004
1563726983, 148, 1.9163953062357624
1563726982, 147, 1.907284215924074
1563726981, 146, 1.9048949895394278
1563726980, 145, 1.912090572817693
1563726979, 144, 1.9013139593311148
1563726978, 143, 1.9052972379842583
1563726977, 142, 1.9083860289880283
1563726997, 162, 1.9111917496355708
1563726996, 161, 1.9086233849094727
1563726995, 160, 1.9005112443777605
1563726994, 159, 1.909920844870067
1563726993, 158, 1.9108619675677838
1563726992, 157, 1.9122621830995534
1563726991, 156, 1.9071683907312271
1563726990, 155, 1.9080788700549445
1563726989, 154, 1.9114658876224084
1563726988, 153, 1.9068137602681914
1563726987, 152, 1.9068419871439095
1563727006, 171, 1.90529450339785
1563727005, 170, 1.908815235150097
1563727004, 169, 1.9107160696310164
1563727003, 168, 1.9071974899003505
1563727002, 167, 1.9042733663555333
1563727001, 166, 1.915055354034683
1563727000, 165, 1.908087279796538
1563726999, 164, 1.906965153175302
1563726998, 163, 1.9150718309394914
1563727017, 182, 1.9104826769601486
1563727016, 181, 1.906958025362419
1563727015, 180, 1.906701615782385
1563727014, 179, 1.9122590914989344
1563727013, 178, 1.905308709324758
1563727012, 177, 1.90643330641995
1563727011, 176, 1.906901624017267
1563727010, 175, 1.9131302630819735
1563727009, 174, 1.9136819734893027
1563727008, 173, 1.9098661514444641
1563727007, 172, 1.9087001977299254
1563727027, 192, 1.9094011960502335
1563727026, 191, 1.906955677864212
1563727025, 190, 1.9029884641050103
1563727024, 189, 1.90708212507126
1563727022, 187, 1.9115566768081196
1563727021, 186, 1.9090193606065868
1563727020, 185, 1.9125216058217829
1563727019, 184, 1.9026046837772614
1563727018, 183, 1.911457995325182
1563727017, 182, 1.911869931695805
1563727037, 202, 1.9058625915125598
1563727036, 201, 1.9039244237329787
1563727035, 200, 1.9045676707404082
1563727034, 199, 1.9074984404756419
1563727033, 198, 1.9034242518436224
1563727032, 197, 1.9038774583762776
1563727031, 196, 1.911831658764486
1563727030, 195, 1.9060223052118914
1563727028, 193, 1.9074471899092131
1563727047, 212, 1.9059334709341087
1563727046, 211, 1.90849161312328
1563727045, 210, 1.9083282622914497
1563727044, 209, 1.904857390453738
1563727043, 208, 1.9077869769673472
1563727042, 207, 1.9086053764513602
1563727041, 206, 1.9035040580100302
1563727040, 205, 1.9103023847214717
1563727039, 204, 1.9085085250302702
1563727038, 203, 1.9074566634114463
1563727057, 222, 1.9112736128564802
1563727056, 221, 1.9076483938731466
1563727055, 220, 1.9075866465847637
1563727054, 219, 1.9053177152764569
1563727053, 218, 1.9060295607282387
1563727052, 217, 1.9019850660145654
1563727051, 216, 1.904583361790234
1563727050, 215, 1.9079486709287141
1563727049, 214, 1.9104268772138937
1563727048, 213, 1.9048004392038622
1563727067, 232, 1.9065878908509868
1563727066, 231, 1.9094456209128952
1563727065, 230, 1.9035935939632802
1563727064, 229, 1.904712799035622
1563727063, 228, 1.9104749897309081
1563727062, 227, 1.9081500308568349
1563727061, 226, 1.9105126934773193
1563727060, 225, 1.907465586295045
1563727059, 224, 1.9083485668238032
1563727058, 223, 1.9054754527624094
1563727077, 242, 1.9100581783672266
1563727076, 241, 1.9099365557269035
1563727075, 240, 1.9052849338194602
1563727074, 239, 1.9095536621687081
1563727073, 238, 1.9096485569386548
1563727072, 237, 1.9084472151478142
1563727071, 236, 1.9052347915285748
1563727070, 235, 1.9035402301839044
1563727069, 234, 1.9058875490007625
1563727068, 233, 1.9064312352753947
1563727087, 252, 1.9076660319800507
1563727086, 251, 1.9089738704222659
1563727085, 250, 1.9095907999857036
1563727084, 249, 1.9113932169319128
1563727083, 248, 1.9101982633953338
1563727082, 247, 1.9078650162399375
1563727081, 246, 1.908254943718652
1563727080, 245, 1.9102666453752282
1563727079, 244, 1.9029413471551484
1563727078, 243, 1.9066081503943204
1563727097, 262, 1.9077916893645428
1563727096, 261, 1.9125643691853524
1563727095, 260, 1.9066608285788718
1563727094, 259, 1.9105503803426929
1563727093, 258, 1.9069089238968675
1563727092, 257, 1.9104515788185634
1563727091, 256, 1.9071811336212237
1563727090, 255, 1.9079519206625133
1563727088, 253, 1.9056427160770966
1563727107, 272, 1.906424267543866
1563727106, 271, 1.9077628824990533
1563727105, 270, 1.909105882210947
1563727104, 269, 1.904288190273684
1563727103, 268, 1.90459656698677
1563727102, 267, 1.9067429814232948
1563727101, 266, 1.9076849708074495
1563727100, 265, 1.9026222999469031
1563727098, 263, 1.9064676409093826
1563727117, 282, 1.908059274968224
1563727116, 281, 1.908215312309571
1563727115, 280, 1.9074327456654379
1563727114, 279, 1.9137523749023135
1563727113, 278, 1.9121092467769722
1563727112, 277, 1.9083984340215114
1563727111, 276, 1.9087230701510824
1563727110, 275, 1.910335128228135
1563727109, 274, 1.904418231969963
1563727108, 273, 1.9054246738484164
1563727127, 292, 1.9075895475429911
1563727126, 291, 1.9100082658200164
1563727125, 290, 1.9058846008452
1563727124, 289, 1.9063518819211696
1563727123, 288, 1.9035460833317606
1563727122, 287, 1.9080113437441664
1563727121, 286, 1.9110637547486635
1563727120, 285, 1.907379177705833
1563727119, 284, 1.9076895970612933
1563727118, 283, 1.9129206678037312
1563727138, 303, 1.907683807411448
1563727137, 302, 1.9104438620895958
1563727136, 301, 1.9098269984082132
1563727135, 300, 1.9055889091544473
1563727134, 299, 1.912467055813958
1563727133, 298, 1.9082200724075031
1563727132, 297, 1.911288755428797
1563727131, 296, 1.9124133609749299
1563727129, 294, 1.907789695086593
1563727128, 293, 1.906776556741757
1563727147, 312, 1.9113541486860182
1563727146, 311, 1.9096214824533817
1563727145, 310, 1.9066239171740327
1563727144, 309, 1.9089953290863955
1563727143, 308, 1.9047532066848842
1563727142, 307, 1.9042782709306227
1563727141, 306, 1.9077031618264297
1563727140, 305, 1.905245586300482
1563727139, 304, 1.9044731933388281
1563727157, 322, 1.9099807018762758
1563727156, 321, 1.9119439788916266
1563727155, 320, 1.904303884991148
1563727154, 319, 1.902792832221643
1563727153, 318, 1.9052236855731368
1563727152, 317, 1.904669058070449
1563727151, 316, 1.9073897810834752
1563727150, 315, 1.9042576776986238
1563727149, 314, 1.9111253884902655
1563727148, 313, 1.907746868335697
1563727167, 332, 1.9090552609609266
1563727166, 331, 1.9070769169901345
1563727165, 330, 1.9025961327626415
1563727164, 329, 1.902951775103884
1563727163, 328, 1.9055165977051185
1563727162, 327, 1.905710811824874
1563727161, 326, 1.9068817747173847
1563727160, 325, 1.9040844659938092
1563727158, 323, 1.9099465155932778
1563727177, 342, 1.9122502920429325
1563727176, 341, 1.9104146418939294
1563727175, 340, 1.905004778404307
1563727174, 339, 1.904983011574422
1563727173, 338, 1.9031811710262683
1563727172, 337, 1.9052537747989347
1563727171, 336, 1.9095434496117543
1563727170, 335, 1.9074765090528025
1563727169, 334, 1.908396944308254
1563727168, 333, 1.9092218785015258
1563727187, 352, 1.904669657714762
1563727186, 351, 1.9065692108409098
1563727185, 350, 1.904281937166044
1563727184, 349, 1.9096676549594593
1563727183, 348, 1.9088749420766074
1563727182, 347, 1.910993921438922
1563727181, 346, 1.9041481304642005
1563727180, 345, 1.9068771314172848
1563727179, 344, 1.9140311818196318
1563727197, 362, 1.9088893128603468
1563727196, 361, 1.9095716147267092
1563727195, 360, 1.9081333271713181
1563727193, 358, 1.9062710182854756
1563727192, 357, 1.905132735383909
1563727191, 356, 1.9129423172470068
1563727190, 355, 1.9126177623848493
1563727189, 354, 1.9054151217716435
1563727207, 372, 1.905983118905176
1563727206, 371, 1.9097590551022432
1563727205, 370, 1.9054197060552598
1563727204, 369, 1.9047826976796054
1563727203, 368, 1.90752557928011
1563727201, 366, 1.9124668472324855
1563727200, 365, 1.9101043041759738
1563727199, 364, 1.9051046916549592
1563727198, 363, 1.9070345389971441
1563727218, 383, 1.9053612991228244
1563727217, 382, 1.9046635070339633
1563727216, 381, 1.9114744631821459
1563727215, 380, 1.9069593625920334
1563727214, 379, 1.903113475753173
1563727213, 378, 1.9051355424659306
1563727212, 377, 1.9051391014617185
1563727211, 376, 1.9060881544987174
1563727210, 375, 1.906046157840654
1563727209, 374, 1.903131749306338
1563727208, 373, 1.905021445645744
1563727228, 393, 1.898291032781603
1563727227, 392, 1.9026761149372977
1563727226, 391, 1.9024860589233648
1563727225, 390, 1.90498099690062
1563727224, 389, 1.9083583088013156
1563727223, 388, 1.9106544876358156
1563727222, 387, 1.905928015369921
1563727221, 386, 1.9020894093063776
1563727220, 385, 1.913167521552776
1563727219, 384, 1.8955298708727355
1563727218, 383, 1.9135449888660017
1563727238, 403, 1.9067384478223317
1563727237, 402, 1.9057590367238006
1563727236, 401, 1.9117356696744456
1563727235, 400, 1.895659590210211
1563727234, 399, 1.909070908448671
1563727233, 398, 1.9030174355094143
1563727232, 397, 1.9043502098111824
1563727231, 396, 1.9049564456486097
1563727230, 395, 1.9132933785852042
1563727229, 394, 1.8996523253240332
1563727228, 393, 1.8974174491234745
1563727247, 412, 1.9044836005520602
1563727246, 411, 1.8962144765196802
1563727245, 410, 1.9015257353142256
1563727244, 409, 1.9069693191650152
1563727243, 408, 1.9054523663397693
1563727242, 407, 1.9121010110822805
1563727241, 406, 1.911444222617001
1563727240, 405, 1.9169813246158036
1563727239, 404, 1.8961140156345688
1563727238, 403, 1.9051297157037628
1563727255, 420, 1.9030966846962774
1563727254, 419, 1.903236662753623
1563727253, 418, 1.8992574304626346
1563727252, 417, 1.9084585477768528
1563727251, 416, 1.8992643337791357
1563727250, 415, 1.9057482193544644
1563727249, 414, 1.9025544464168653
1563727248, 413, 1.9088427080059382
1563727268, 433, 1.9056788767648218
1563727266, 431, 1.9081470370527995
1563727265, 430, 1.9068908853774955
1563727264, 429, 1.9038721413791624
1563727263, 428, 1.904544996977836
1563727262, 427, 1.910397268489251
1563727261, 426, 1.9068976852734068
1563727259, 424, 1.9048373025083978
1563727258, 423, 1.9120542029436234
1563727278, 443, 1.9070577177168253
1563727277, 442, 1.9087934222580678
1563727276, 441, 1.9082120852269755
1563727275, 440, 1.9091594326518129
1563727273, 438, 1.8999374702733764
1563727272, 437, 1.9086102072799136
1563727271, 436, 1.9074945745575669
1563727270, 435, 1.9111617210426821
1563727269, 434, 1.9096226867137271
1563727288, 453, 1.9099669775348904
1563727287, 452, 1.9082631703039825
1563727286, 451, 1.9066700014900775
1563727285, 450, 1.9075851652441755
1563727284, 449, 1.906844787859115
1563727283, 448, 1.9040089121731407
1563727281, 446, 1.9088948324178219
1563727280, 445, 1.908731373032168
1563727279, 444, 1.90827553429887
1563727298, 463, 1.9091318558828247
1563727297, 462, 1.9075901354421323
1563727296, 461, 1.9073049343200168
1563727295, 460, 1.9025021665711652
1563727294, 459, 1.9080456589366408
1563727293, 458, 1.9044862108376353
1563727291, 456, 1.9009803263942946
1563727290, 455, 1.9036086946463762
1563727289, 454, 1.9085197695556806
1563727308, 473, 1.9031231820128742
1563727307, 472, 1.910772021163499
1563727306, 471, 1.9107163495424766
1563727304, 469, 1.9035115690365254
1563727303, 468, 1.9064891682817802
1563727302, 467, 1.9073123137029597
1563727301, 466, 1.9076884518130077
1563727300, 465, 1.9037313214137999
1563727299, 464, 1.9072418173405359
1563727318, 483, 1.9045096524333123
1563727317, 482, 1.9066602973099593
1563727316, 481, 1.907331148419298
1563727315, 480, 1.9067346093571365
1563727314, 479, 1.908601029283493
1563727313, 478, 1.906440460893814
1563727312, 477, 1.9052070560013021
1563727311, 476, 1.9061021579786503
1563727310, 475, 1.9059015476347332
1563727309, 474, 1.9042950341817477
1563727328, 493, 1.9044858497687736
1563727327, 492, 1.9043055137734828
1563727326, 491, 1.9040200283966726
1563727325, 490, 1.906113005514266
1563727324, 489, 1.9080080774158203
1563727323, 488, 1.9064633112715075
1563727322, 487, 1.906650368573601
1563727321, 486, 1.909478533761586
1563727320, 485, 1.9060700716195709
1563727319, 484, 1.9056406799453012
1563727338, 503, 1.908923431718876
1563727337, 502, 1.903137984869748
1563727336, 501, 1.9036724797185924
1563727335, 500, 1.9074890863691014
1563727334, 499, 1.9057309024410398
1563727333, 498, 1.9042838272032878
1563727331, 496, 1.9106875409706607
1563727330, 495, 1.9031617111383596
1563727329, 494, 1.9106628605503135
1563727348, 513, 1.9032144058529152
1563727347, 512, 1.9095139809365007
1563727345, 510, 1.9073695348995736
1563727344, 509, 1.9081454554147166
1563727343, 508, 1.902988716891424
1563727342, 507, 1.9055605273541256
1563727341, 506, 1.9013903659995637
1563727340, 505, 1.9042087588400334
1563727339, 504, 1.906583826346792
1563727358, 523, 1.9029436920898395
1563727357, 522, 1.8981553159571831
1563727356, 521, 1.9081397349941385
1563727355, 520, 1.90130057806125
1563727354, 519, 1.908562776575366
1563727353, 518, 1.90686812119344
1563727352, 517, 1.9029630272563258
1563727351, 516, 1.9066964692017676
1563727350, 515, 1.9066476326149073
1563727349, 514, 1.9089582447706688
1563727368, 533, 1.9035397919848098
1563727367, 532, 1.9046642873214443
1563727366, 531, 1.9071589307870782
1563727365, 530, 1.9084142567710924
1563727364, 529, 1.9059099376763027
1563727363, 528, 1.9094295695170702
1563727362, 527, 1.9028536977122528
1563727361, 526, 1.9059351272056237
1563727360, 525, 1.8990558846653056
1563727359, 524, 1.9046466079565885
1563727378, 543, 1.907548282590902
1563727377, 542, 1.9088526144820352
1563727376, 541, 1.9105147675510057
1563727375, 540, 1.9021892320718186
1563727374, 539, 1.90276036807076
1563727372, 537, 1.9060265003574601
1563727371, 536, 1.9020990560358935
1563727370, 535, 1.9043485100525908
1563727369, 534, 1.9072179597715793
1563727388, 553, 1.9083305147695155
1563727387, 552, 1.90384768418331
1563727386, 551, 1.9008194659231568
1563727385, 550, 1.9057050498430819
1563727384, 549, 1.9011261514464495
1563727383, 548, 1.9053619408204712
1563727382, 547, 1.9045779851313636
1563727381, 546, 1.901158856490837
1563727380, 545, 1.902049083595617
1563727379, 544, 1.905625594606842
1563727398, 563, 1.9063019266008672
1563727397, 562, 1.9029952468505087
1563727396, 561, 1.9100882020508791
1563727395, 560, 1.9118903575905384
1563727394, 559, 1.9078078002853307
1563727393, 558, 1.905849113565659
1563727392, 557, 1.9048502524895012
1563727391, 556, 1.908757167861176
1563727390, 555, 1.9067025874933061
1563727408, 573, 1.9032825697569038
1563727407, 572, 1.9051242032546374
1563727406, 571, 1.9019680254325506
1563727405, 570, 1.9035678934301095
1563727403, 568, 1.9041616343735077
1563727402, 567, 1.9032919873181326
1563727401, 566, 1.9116954154949366
1563727399, 564, 1.906726949986644
1563727418, 583, 1.9081070047108486
1563727417, 582, 1.9047830524630294
1563727416, 581, 1.9058942172676376
1563727415, 580, 1.9094868200360944
1563727414, 579, 1.9083355559222948
1563727413, 578, 1.9026305046659435
1563727411, 576, 1.907507923298407
1563727410, 575, 1.9015993493588175
1563727409, 574, 1.9101316528095726
1563727428, 593, 1.9062218603214423
1563727427, 592, 1.9031400075186464
1563727426, 591, 1.9039567473598946
1563727425, 590, 1.9064804516364393
1563727424, 589, 1.9069439640934798
1563727422, 587, 1.9004727968861284
1563727421, 586, 1.9060395403216903
1563727420, 585, 1.9044523218870755
1563727419, 584, 1.9096226407835621
1563727438, 603, 1.9014015755143552
1563727437, 602, 1.9061155462000068
1563727436, 601, 1.902669717242463
1563727435, 600, 1.905624198844168
1563727434, 599, 1.9066373942297388
1563727433, 598, 1.9049146684222222
1563727432, 597, 1.907788508108026
1563727431, 596, 1.9098306446110231
1563727430, 595, 1.9084116628672811
1563727449, 614, 1.9011590261528721
1563727447, 612, 1.9071190989072686
1563727446, 611, 1.9059916121070475
1563727445, 610, 1.9056460036184089
1563727444, 609, 1.910091824295432
1563727443, 608, 1.9098345257138958
1563727442, 607, 1.9072440040704173
1563727441, 606, 1.9034138148489417
1563727439, 604, 1.910706100342129
1563727458, 623, 1.9033014615898196
1563727457, 622, 1.9038904941188493
1563727456, 621, 1.9083642663522282
1563727455, 620, 1.908981127066045
1563727453, 618, 1.9070652515100421
1563727452, 617, 1.9038353622934783
1563727451, 616, 1.903055838886958
1563727450, 615, 1.9100444609187224
1563727469, 634, 1.9069140438105916
1563727467, 632, 1.9080450472378796
1563727466, 631, 1.9057543030859934
1563727465, 630, 1.9058076830665729
1563727464, 629, 1.901467052430505
1563727463, 628, 1.9068233048273058
1563727462, 627, 1.9044973689323337
1563727460, 625, 1.9095634887150545
1563727459, 624, 1.9021666013549177
1563727478, 643, 1.9085743763264276
1563727477, 642, 1.905481293633658
1563727475, 640, 1.902635934253845
1563727474, 639, 1.9115356576489821
1563727473, 638, 1.9095205900913044
1563727471, 636, 1.906576008385926
1563727470, 635, 1.90734183398508
1563727489, 654, 1.9083426580242602
1563727488, 653, 1.9110475274451033
1563727487, 652, 1.9120970407059577
1563727486, 651, 1.9066126157236412
1563727485, 650, 1.9052632002632395
1563727484, 649, 1.9019359221443555
1563727483, 648, 1.9083857456086026
1563727482, 647, 1.909174610192464
1563727481, 646, 1.902219713448295
1563727479, 644, 1.9047806998875931
1563727498, 663, 1.906637685929841
1563727497, 662, 1.909871431903377
1563727496, 661, 1.9103301117607518
1563727495, 660, 1.9109780256210795
1563727494, 659, 1.9067037725554854
1563727493, 658, 1.907077711967397
1563727492, 657, 1.908640068414708
1563727491, 656, 1.905453661219272
1563727490, 655, 1.904722431370504
1563727509, 674, 1.9088602546964972
1563727508, 673, 1.906082147466199
1563727507, 672, 1.9046411674521542
1563727506, 671, 1.905425134105304
1563727505, 670, 1.9048505128037363
1563727504, 669, 1.8972329128979597
1563727503, 668, 1.9089902230019071
1563727502, 667, 1.9055445308457812
1563727501, 666, 1.906068197726424
1563727500, 665, 1.906782106107336
1563727499, 664, 1.9046478241534064
1563727519, 684, 1.901544555156759
1563727518, 683, 1.9019985328349056
1563727517, 682, 1.9029268059451778
1563727516, 681, 1.8996221531782869
1563727515, 680, 1.9041213541591127
1563727514, 679, 1.8985422470475883
1563727513, 678, 1.9060471170221944
1563727512, 677, 1.9095152511206035
1563727511, 676, 1.9087429989893379
1563727510, 675, 1.9103186394453546
1563727538, 703, 1.9064984391301716
1563727537, 702, 1.905468359313402
1563727536, 701, 1.9057555835005242
1563727535, 700, 1.9078129855938837
1563727534, 699, 1.905075554066207
1563727533, 698, 1.9081906771696575
1563727531, 696, 1.9074760060365985
1563727530, 695, 1.9075236532309638
1563727527, 692, 1.906832993524451
1563727526, 691, 1.9011247056905674
1563727525, 690, 1.9029000080980731
1563727524, 689, 1.901002027560556
1563727523, 688, 1.903545626453503
1563727522, 687, 1.9044671623307023
1563727521, 686, 1.9076415985430195
1563727520, 685, 1.909688126330474
1563727549, 714, 1.9084860497549743
1563727548, 713, 1.9090880062845095
1563727547, 712, 1.9063271362743552
1563727546, 711, 1.907644051238387
1563727544, 709, 1.906549722168376
1563727543, 708, 1.9064746331491855
1563727542, 707, 1.9085881858710945
1563727541, 706, 1.908287810832963
1563727539, 704, 1.9096307597768727
1563727559, 724, 1.9046874306436374
1563727558, 723, 1.9033220789155287
1563727556, 721, 1.906588152768654
1563727555, 720, 1.9066626783173497
1563727554, 719, 1.908333807508728
1563727553, 718, 1.90598692277591
1563727552, 717, 1.904936126544598
1563727550, 715, 1.9091962770005004
1563727569, 734, 1.9072268927320455
1563727567, 732, 1.9078011265800043
1563727566, 731, 1.9083382211508575
1563727565, 730, 1.907858216272625
1563727563, 728, 1.9067327183818394
1563727562, 727, 1.9090777647886048
1563727561, 726, 1.909477332144385
1563727560, 725, 1.9026914157940638
1563727579, 744, 1.9085660723169457
1563727577, 742, 1.9092726515175034
1563727576, 741, 1.906957028911467
1563727575, 740, 1.9066880161424928
1563727573, 738, 1.9055946228675882
1563727572, 737, 1.9038015304675262
1563727571, 736, 1.90836052537819
1563727589, 754, 1.9060172458613132
1563727588, 753, 1.9052573760461424
1563727586, 751, 1.9057888184719258
1563727585, 750, 1.9044768879390848
1563727584, 749, 1.9080454289290742
1563727582, 747, 1.9079686200061652
1563727581, 746, 1.906589984855261
1563727580, 745, 1.9038718149151448
1563727599, 764, 1.9067300787193489
1563727598, 763, 1.9123819166355611
1563727597, 762, 1.9027716595809483
1563727595, 760, 1.901006810526056
1563727594, 759, 1.903445108322962
1563727593, 758, 1.9121475398284022
1563727592, 757, 1.9070124674463902
1563727590, 755, 1.9070808718659957
1563727609, 774, 1.9078164257898529
1563727607, 772, 1.9132919956196082
1563727606, 771, 1.9043225827495391
1563727605, 770, 1.9069303363375631
1563727603, 768, 1.9076668848117926
1563727602, 767, 1.9063528067356492
1563727601, 766, 1.9057326775067915
1563727619, 784, 1.9071231656382297
1563727618, 783, 1.9113076905799167
1563727616, 781, 1.9007702936147635
1563727615, 780, 1.9062346497837037
1563727614, 779, 1.9033222088181458
1563727613, 778, 1.9047378971225484
1563727611, 776, 1.904575396005466
1563727610, 775, 1.9081416577081474
1563727629, 794, 1.9068385772534804
1563727627, 792, 1.9084224981614195
1563727626, 791, 1.904735351249565
1563727625, 790, 1.9058533210485062
1563727623, 788, 1.903328705848902
1563727622, 787, 1.9044277517746124
1563727620, 785, 1.9026803040800875
1563727639, 804, 1.9074199002798735
1563727638, 803, 1.9072329678003064
1563727637, 802, 1.9060807510859032
1563727635, 800, 1.908588655769622
1563727634, 799, 1.9070456796579816
1563727633, 798, 1.907211262936909
1563727631, 796, 1.9065639264034975
1563727630, 795, 1.9054770395133103
1563727649, 814, 1.911070528657371
1563727648, 813, 1.9015939844647367
1563727647, 812, 1.9032219963994794
1563727645, 810, 1.908020980986674
1563727644, 809, 1.9076943578353
1563727642, 807, 1.9064669614335947
1563727641, 806, 1.9075471220560116
1563727659, 824, 1.908581749069066
1563727658, 823, 1.9059291864261452
1563727656, 821, 1.905699420306216
1563727655, 820, 1.903879529252752
1563727653, 818, 1.9044025971070226
1563727652, 817, 1.907728395091757
1563727651, 816, 1.9044579940967639
1563727669, 834, 1.9076470246570707
1563727668, 833, 1.909405473233874
1563727666, 831, 1.9047554514154321
1563727665, 830, 1.9035917321868965
1563727663, 828, 1.9060942344884158
1563727662, 827, 1.9063825089479662
1563727661, 826, 1.9039252438793663
1563727679, 844, 1.9080350487765354
1563727678, 843, 1.9065797022201414
1563727677, 842, 1.9037025546279434
1563727676, 841, 1.9098157121424246
1563727675, 840, 1.909766587293138
1563727673, 838, 1.9071055599384177
1563727672, 837, 1.9098386344380163
1563727670, 835, 1.9058593367616663
1563727689, 854, 1.9092670253902233
1563727688, 853, 1.910213037025964
1563727687, 852, 1.9098430612773096
1563727686, 851, 1.9051453957689821
1563727685, 850, 1.9065040896077288
1563727683, 848, 1.9044942249238668
1563727682, 847, 1.904672432989911
1563727681, 846, 1.9055050551250625
1563727680, 845, 1.9115387872729306
1563727699, 864, 1.9005593880033476
1563727698, 863, 1.9067589860649174
1563727697, 862, 1.903927162174479
1563727696, 861, 1.9055967916404153
1563727695, 860, 1.9032486891242266
1563727694, 859, 1.9096776185809006
1563727693, 858, 1.906435263169415
1563727691, 856, 1.9074789652662385
1563727690, 855, 1.9087449595441077
1563727710, 875, 1.9055686940085586
1563727709, 874, 1.9083583102859027
1563727708, 873, 1.908563426985087
1563727707, 872, 1.9031205138025118
1563727706, 871, 1.9024250578650592
1563727705, 870, 1.9039724677417142
1563727704, 869, 1.908049336183136
1563727703, 868, 1.9069263598328732
1563727702, 867, 1.9053315093606278
1563727700, 865, 1.9051893934159831
1563727719, 884, 1.9046913674815198
1563727718, 883, 1.9059241773477342
1563727717, 882, 1.9056513144179836
1563727716, 881, 1.9043089364466372
1563727715, 880, 1.9085022239269405
1563727714, 879, 1.8950305023210428
1563727713, 878, 1.9008556966640093
1563727712, 877, 1.905378164058165
1563727711, 876, 1.9023946025661944
1563727730, 895, 1.902129952075912
1563727729, 894, 1.906767118827321
1563727728, 893, 1.9117074414666855
1563727727, 892, 1.9092890275546275
1563727726, 891, 1.902795127200182
1563727725, 890, 1.9113875241918883
1563727724, 889, 1.900945282675635
1563727723, 888, 1.9073015587756366
1563727722, 887, 1.9014741771786188
1563727721, 886, 1.907888301699441
1563727720, 885, 1.9088485671959525
1563727740, 905, 1.8997733959895629
1563727739, 904, 1.9072056494669691
1563727738, 903, 1.9012410597090295
1563727737, 902, 1.9026313040947158
1563727736, 901, 1.904039463491375
1563727735, 900, 1.9038293053490223
1563727734, 899, 1.9036486728201896
1563727733, 898, 1.9064340190347426
1563727732, 897, 1.9014964116406095
1563727731, 896, 1.907141283289785
1563727750, 915, 1.8992274457407576
1563727749, 914, 1.9085836984200206
1563727748, 913, 1.9049326084097034
1563727747, 912, 1.902522121070332
1563727746, 911, 1.902567565115178
1563727745, 910, 1.9031533890140675
1563727744, 909, 1.902040874665864
1563727743, 908, 1.9054662703821243
1563727742, 907, 1.908319316903751
1563727741, 906, 1.903751006574146
1563727759, 924, 1.9086511401562813
1563727758, 923, 1.9065137649860766
1563727757, 922, 1.8991418257479296
1563727756, 921, 1.9027242744186317
1563727755, 920, 1.9078100521141674
1563727754, 919, 1.8976169331088428
1563727753, 918, 1.9004538131050908
1563727752, 917, 1.9059589907049193
1563727751, 916, 1.9037951704049754
1563727770, 935, 1.905089603064754
1563727769, 934, 1.9039661767457259
1563727768, 933, 1.9049960019018515
1563727767, 932, 1.9070028796321024
1563727766, 931, 1.9033240575835209
1563727765, 930, 1.9067511595448174
1563727764, 929, 1.905247698418701
1563727763, 928, 1.9024677513782502
1563727762, 927, 1.9047800461654028
1563727761, 926, 1.90007370328491
1563727760, 925, 1.9066306231543184
1563727780, 945, 1.9001170069329512
1563727779, 944, 1.8920464958344418
1563727778, 943, 1.9084380402109051
1563727777, 942, 1.904872542370055
1563727776, 941, 1.9001632965659487
1563727775, 940, 1.907833766044239
1563727774, 939, 1.8971390773966352
1563727773, 938, 1.9016146621322303
1563727772, 937, 1.9093070342924123
1563727771, 936, 1.902734549323976
1563727790, 955, 1.9000377616912287
1563727789, 954, 1.9089776768639843
1563727788, 953, 1.9002940658319023
1563727787, 952, 1.9089911572589326
1563727786, 951, 1.9055778605427947
1563727785, 950, 1.903528357123001
1563727784, 949, 1.902033159934619
1563727783, 948, 1.901731578085726
1563727782, 947, 1.9068597761217747
1563727781, 946, 1.8930325428577557
1563727780, 945, 1.9064223856679643
1563727810, 975, 1.90165400590407
1563727808, 973, 1.906236247086536
1563727807, 972, 1.9045246450163331
1563727806, 971, 1.9011198311902013
1563727805, 970, 1.9066012953849578
1563727804, 969, 1.907586840211996
1563727803, 968, 1.9048733298733913
1563727802, 967, 1.9047666251370476
1563727799, 964, 1.9022997556212442
1563727798, 963, 1.8979887651431302
1563727797, 962, 1.8982408408774407
1563727796, 961, 1.9021759949206212
1563727795, 960, 1.8956287568181398
1563727794, 959, 1.8973331755377822
1563727793, 958, 1.9068455497054735
1563727792, 957, 1.8962660906988376
1563727791, 956, 1.9069201239226519
1563727820, 985, 1.9086899684979046
1563727819, 984, 1.905154984003219
1563727818, 983, 1.9051055453083106
1563727817, 982, 1.9093550529275187
1563727816, 981, 1.9025111935093495
1563727815, 980, 1.9021527271897385
1563727813, 978, 1.906075900785245
1563727812, 977, 1.9051263754948415
1563727811, 976, 1.9051139137362156
1563727830, 995, 1.9028318187751723
1563727829, 994, 1.909245103450262
1563727827, 992, 1.9066451670560658
1563727826, 991, 1.9044941210664728
1563727825, 990, 1.9061824254452204
1563727824, 989, 1.9044560824062078
1563727823, 988, 1.9071767228539598
1563727822, 987, 1.9027393747890446
1563727841, 1006, 1.9077675521451674
1563727839, 1004, 1.908021534344611
1563727838, 1003, 1.9104267878818082
1563727837, 1002, 1.9055809823279535
1563727836, 1001, 1.9060831519284405
1563727835, 1000, 1.9119763579275553
1563727833, 998, 1.9083429371326046
1563727832, 997, 1.912187867609738
1563727831, 996, 1.9093656172596536
1563727850, 1015, 1.9071218571367108
1563727849, 1014, 1.907725662551277
1563727848, 1013, 1.9065750125578147
1563727847, 1012, 1.9102526166186415
1563727845, 1010, 1.9078390058527708
1563727844, 1009, 1.9023420933224802
1563727843, 1008, 1.9050198578028856
1563727842, 1007, 1.9048238414198593
1563727860, 1025, 1.9023963452168229
1563727859, 1024, 1.9019876193583507
1563727858, 1023, 1.9058408880366298
1563727857, 1022, 1.9103284803521372
1563727855, 1020, 1.908940980882616
1563727854, 1019, 1.9040385657586276
1563727853, 1018, 1.9094378889674266
1563727852, 1017, 1.9047013801646375
1563727871, 1036, 1.907884492057476
1563727869, 1034, 1.9058577064320208
1563727868, 1033, 1.9049080848557658
1563727867, 1032, 1.9087517577923574
1563727865, 1030, 1.9099539272708128
1563727864, 1029, 1.9105837899081548
1563727863, 1028, 1.9060938108816037
1563727862, 1027, 1.9038789407969203
1563727880, 1045, 1.9059862345158642
1563727879, 1044, 1.907977110092194
1563727878, 1043, 1.9045941479221824
1563727876, 1041, 1.9054242184289094
1563727875, 1040, 1.9043476983599337
1563727873, 1038, 1.9047777503423307
1563727872, 1037, 1.9035467274850024
1563727890, 1055, 1.9087394837042948
1563727889, 1054, 1.9067861930409702
1563727887, 1052, 1.908754139769708
1563727886, 1051, 1.9047857551288878
1563727885, 1050, 1.9062613443003265
1563727883, 1048, 1.9086431904163257
1563727882, 1047, 1.9051681088255286
1563727900, 1065, 1.9057132729198756
1563727899, 1064, 1.9068703485701315
1563727897, 1062, 1.9057125324489839
1563727896, 1061, 1.9077012514437566
1563727894, 1059, 1.906105510648034
1563727893, 1058, 1.9073659705815478
1563727892, 1057, 1.904596210086499
1563727911, 1076, 1.9056455605101401
1563727909, 1074, 1.90302821378775
1563727908, 1073, 1.9088822609791782
1563727907, 1072, 1.9076079279372198
1563727905, 1070, 1.908640304476328
1563727904, 1069, 1.905362854820864
1563727903, 1068, 1.9107791909734886
1563727901, 1066, 1.9098571661917798
1563727920, 1085, 1.904473511380166
1563727918, 1083, 1.9035782556989096
1563727916, 1081, 1.9029163072818072
1563727915, 1080, 1.9047251628825776
1563727913, 1078, 1.9066075039667167
1563727912, 1077, 1.907637413944644
