1564061097, 10, 9.745168
1564061096, 9, 5.920344
1564061095, 8, 10.88163
1564061094, 7, 6.2560005
1564061093, 6, 5.635269
1564061092, 5, 4.297732
1564061107, 20, 2.4768593
1564061106, 19, 0.018250545
1564061105, 18, 4.2152085
1564061104, 17, 2.5856347
1564061103, 16, 8.877509
1564061102, 15, 2.874316
1564061101, 14, 6.7765336
1564061100, 13, 1.7734143
1564061099, 12, -1.7021351
1564061098, 11, 4.981892
1564061118, 31, 6.4891357
1564061117, 30, 1.9421176
1564061116, 29, 5.2551856
1564061115, 28, 0.7931263
1564061114, 27, 6.599521
1564061113, 26, 4.8055253
1564061111, 24, 7.087349
1564061109, 22, 6.8294444
1564061128, 41, 1.2897545
1564061127, 40, 3.3369656
1564061125, 38, 3.1684139
1564061124, 37, 0.52012175
1564061123, 36, 2.8618038
1564061122, 35, 3.1491053
1564061121, 34, 3.0415366
1564061120, 33, 0.8617544
1564061119, 32, 0.7232194
1564061139, 52, 3.945523
1564061137, 50, 4.7769465
1564061136, 49, -0.061332703
1564061135, 48, 10.140099
1564061134, 47, 4.5017457
1564061133, 46, 7.8663635
1564061132, 45, 4.800581
1564061130, 43, 4.5084324
1564061129, 42, 4.4825196
1564061150, 63, 1.6633908
1564061148, 61, -0.8641375
1564061147, 60, 2.2864182
1564061146, 59, 1.5668344
1564061145, 58, 0.6812301
1564061144, 57, 2.16486
1564061142, 55, -1.4274349
1564061141, 54, 2.6563504
1564061140, 53, 5.41378
1564061159, 72, -1.4602628
1564061158, 71, 4.725164
1564061157, 70, 3.8458078
1564061156, 69, 4.94273
1564061154, 67, 3.1790993
1564061153, 66, -0.6522011
1564061152, 65, 1.7730583
1564061151, 64, 1.8960923
1564061170, 83, 1.5043646
1564061169, 82, -2.5264392
1564061167, 80, -1.8846446
1564061166, 79, 3.3518696
1564061165, 78, 3.1834953
1564061164, 77, -5.796211
1564061163, 76, -0.12848282
1564061161, 74, 2.6398857
1564061160, 73, 1.1725148
1564061179, 92, 4.714296
1564061178, 91, 11.896881
1564061177, 90, 9.832671
1564061176, 89, 4.056555
1564061175, 88, 5.507305
1564061173, 86, 2.281977
1564061172, 85, -0.040293057
1564061171, 84, -0.12438655
1564061190, 103, 4.6200733
1564061189, 102, 4.7656226
1564061188, 101, 0.9829132
1564061187, 100, 1.9118176
1564061185, 98, 2.6026967
1564061184, 97, 4.2936854
1564061183, 96, 2.6965754
1564061182, 95, 0.60677
1564061181, 94, 6.238041
1564061200, 113, 0.7936942
1564061198, 111, 2.731144
1564061197, 110, 2.0992312
1564061196, 109, 0.1719235
1564061195, 108, 2.054269
1564061194, 107, -1.636567
1564061193, 106, -0.093625866
1564061191, 104, -0.10462948
1564061210, 123, 2.3700302
1564061209, 122, 2.6153557
1564061208, 121, 4.5479245
1564061207, 120, 0.659192
1564061206, 119, 3.079998
1564061205, 118, 2.2635672
1564061203, 116, -2.2306495
1564061202, 115, 2.4073122
1564061201, 114, 5.465567
1564061213, 126, 3.4994836
1564061212, 125, 7.8328743
1564061230, 143, 9.091229
1564061229, 142, 9.294899
1564061228, 141, 5.3692756
1564061227, 140, 11.927449
1564061226, 139, 5.381742
1564061225, 138, 9.233641
1564061240, 153, 6.109581
1564061238, 151, 9.96714
1564061237, 150, 9.099019
1564061236, 149, 7.9799347
1564061235, 148, 0.82263595
1564061234, 147, 2.4405072
1564061233, 146, 5.5242653
1564061232, 145, -0.5266124
1564061231, 144, 3.5140064
1564061251, 164, 2.904587
1564061250, 163, 2.3771088
1564061249, 162, 3.9372551
1564061248, 161, -0.298484
1564061247, 160, 1.1182795
1564061246, 159, 5.2734795
1564061244, 157, -1.877665
1564061242, 155, 11.633512
1564061261, 174, 1.637135
1564061260, 173, 3.1024704
1564061259, 172, 2.8676221
1564061258, 171, 1.3122673
1564061257, 170, 0.23448451
1564061256, 169, 5.58866
1564061255, 168, 5.8458347
1564061254, 167, -3.8297646
1564061253, 166, 0.8009564
1564061252, 165, -0.44965377
1564061271, 184, 2.4483366
1564061270, 183, 2.9127185
1564061269, 182, 1.3846687
1564061268, 181, 1.3634886
1564061267, 180, 0.46735588
1564061266, 179, 0.44201922
1564061265, 178, 4.6053443
1564061264, 177, -0.5901642
1564061263, 176, 1.7391669
1564061262, 175, -0.14979012
1564061282, 195, 1.6642746
1564061281, 194, 2.401552
1564061279, 192, 0.08261671
1564061277, 190, 0.6625852
1564061275, 188, 2.6435683
1564061273, 186, 2.29684
1564061272, 185, -3.1982098
1564061292, 205, 2.9589176
1564061291, 204, 2.951699
1564061290, 203, 6.1789722
1564061289, 202, 3.2300158
1564061288, 201, 0.19327505
1564061287, 200, -0.8518421
1564061286, 199, -2.3163464
1564061285, 198, -2.1033638
1564061284, 197, 0.8618886
1564061283, 196, -0.90753585
1564061302, 215, 2.1516545
1564061301, 214, 2.0100446
1564061300, 213, 0.30066872
1564061299, 212, 5.6803117
1564061298, 211, 1.585116
1564061297, 210, 0.38705876
1564061296, 209, 3.010892
1564061295, 208, 4.4916463
1564061294, 207, 0.3523631
1564061293, 206, 3.613313
1564061312, 225, 1.1614689
1564061311, 224, 2.5552542
1564061310, 223, 4.3421807
1564061309, 222, 5.4387803
1564061308, 221, 3.43142
1564061307, 220, 0.5386041
1564061306, 219, 0.5701142
1564061305, 218, 1.253839
1564061304, 217, 3.31476
1564061303, 216, 2.3916032
1564061322, 235, -1.07151
1564061321, 234, 0.35828862
1564061320, 233, 4.214342
1564061319, 232, -0.5854015
1564061318, 231, 2.979168
1564061317, 230, -1.9537426
1564061316, 229, 2.9929867
1564061315, 228, -0.8681881
1564061314, 227, -0.5891774
1564061313, 226, -2.0713909
1564061332, 245, -0.5720678
1564061330, 243, -0.91081446
1564061328, 241, 1.8401169
1564061326, 239, -0.94134617
1564061324, 237, 1.5228592
1564061323, 236, -0.016423464
1564061343, 256, 2.791648
1564061342, 255, 0.43862566
1564061341, 254, 0.36313915
1564061340, 253, -0.1573544
1564061339, 252, 0.4706976
1564061338, 251, 4.7032886
1564061337, 250, 0.36205634
1564061336, 249, 2.6351268
1564061335, 248, 2.1756222
1564061334, 247, 1.945704
1564061353, 266, 3.221398
1564061352, 265, 3.027092
1564061351, 264, 1.2785563
1564061350, 263, 2.0578237
1564061349, 262, 2.4594836
1564061348, 261, 0.66212577
1564061347, 260, 0.6134879
1564061346, 259, 0.07434126
1564061345, 258, -0.6026247
1564061344, 257, 0.7783987
1564061363, 276, 2.7286491
1564061362, 275, -1.1034247
1564061361, 274, 1.8817463
1564061360, 273, -1.0780352
1564061359, 272, 2.4863513
1564061358, 271, 0.828319
1564061357, 270, -0.000749588
1564061356, 269, 1.8747882
1564061355, 268, 2.5512774
1564061354, 267, 3.471063
1564061373, 286, -1.8978438
1564061371, 284, 3.8986232
1564061369, 282, -0.6470646
1564061368, 281, 5.820593
1564061367, 280, 6.4371433
1564061366, 279, -0.31023708
1564061365, 278, 1.3352069
1564061364, 277, 2.5591233
1564061384, 297, -1.6430191
1564061383, 296, 7.329803
1564061382, 295, 2.8467324
1564061381, 294, 11.199692
1564061380, 293, 3.2140234
1564061379, 292, 7.0415587
1564061378, 291, 1.44555
1564061377, 290, 5.874151
1564061376, 289, 2.1507442
1564061375, 288, 4.7845135
1564061395, 308, 1.5388554
1564061394, 307, 2.1156623
1564061392, 305, 4.2863774
1564061391, 304, 1.1656579
1564061390, 303, 1.9898521
1564061389, 302, 2.0861638
1564061388, 301, 1.7011586
1564061387, 300, 2.95871
1564061386, 299, 3.9228504
1564061385, 298, 8.345386
1564061403, 316, 8.493241
1564061402, 315, 9.477263
1564061401, 314, 4.5795903
1564061400, 313, 5.4014993
1564061398, 311, 8.842005
1564061397, 310, 2.903989
1564061396, 309, 5.0799346
1564061414, 327, 7.433264
1564061413, 326, 8.26341
1564061424, 337, 3.959596
1564061422, 335, 3.071565
1564061420, 333, 1.763003
1564061419, 332, 5.8609843
1564061418, 331, 3.3653529
1564061417, 330, 7.778192
1564061416, 329, 13.459437
1564061415, 328, 3.469783
1564061435, 348, 3.3934314
1564061434, 347, 5.0654044
1564061433, 346, 3.5846984
1564061432, 345, 9.163645
1564061431, 344, 3.129708
1564061430, 343, -0.10210806
1564061428, 341, -0.1695884
1564061426, 339, -0.6252384
1564061445, 358, 4.0327406
1564061444, 357, 2.6830456
1564061443, 356, -9.62303
1564061442, 355, 12.459455
1564061441, 354, 1.9584023
1564061440, 353, 1.5173168
1564061439, 352, 4.2089276
1564061438, 351, 4.808407
1564061437, 350, 3.051157
1564061436, 349, 1.8493975
1564061456, 369, -1.4985362
1564061455, 368, 1.2965962
1564061454, 367, 3.6605346
1564061452, 365, 4.2430964
1564061451, 364, 3.6581619
1564061450, 363, 0.8191898
1564061449, 362, 6.0487733
1564061448, 361, 3.8102334
1564061446, 359, 7.63104
1564061467, 380, 5.3508525
1564061465, 378, 6.2943425
1564061464, 377, 8.47311
1564061463, 376, 1.2597672
1564061462, 375, -0.17149027
1564061461, 374, -1.4721819
1564061459, 372, -3.2088833
1564061458, 371, 4.4789796
1564061457, 370, 2.3950098
1564061467, 380, 5.7738585
1564061487, 400, 1.2533642
1564061486, 399, -0.7862315
1564061485, 398, 4.1895614
1564061484, 397, 5.9495926
1564061483, 396, 2.5804584
1564061481, 394, 5.1544147
1564061479, 392, 10.845441
1564061497, 410, 3.6857336
1564061496, 409, 1.4397964
1564061495, 408, 9.95736
1564061494, 407, 3.228957
1564061493, 406, 7.1365223
1564061492, 405, 0.08782212
1564061491, 404, 7.30147
1564061490, 403, 0.30353355
1564061489, 402, 4.208398
1564061488, 401, -0.30401826
1564061508, 421, 7.9115853
1564061507, 420, 4.9903936
1564061506, 419, 6.2770233
1564061505, 418, 4.0062776
1564061504, 417, 2.6652806
1564061503, 416, 3.0125396
1564061502, 415, -2.3720362
1564061501, 414, 3.6492891
1564061500, 413, 8.963898
1564061499, 412, 12.650238
1564061498, 411, 2.676057
1564061517, 430, 6.1952076
1564061516, 429, 1.3329016
1564061515, 428, 7.2771816
1564061514, 427, 3.9616346
1564061513, 426, 10.689098
1564061511, 424, -1.0484599
1564061510, 423, 4.2543736
1564061509, 422, 9.0442705
1564061518, 431, 10.504504
1564061538, 451, 2.5731723
1564061537, 450, 3.2293918
1564061536, 449, 0.85543966
1564061535, 448, 4.501647
1564061534, 447, 7.268158
1564061533, 446, 6.5844574
1564061532, 445, 8.011314
1564061531, 444, 4.3798075
1564061530, 443, 5.239998
1564061529, 442, 3.7453678
1564061548, 461, 2.17805
1564061547, 460, -1.633976
1564061546, 459, 2.141213
1564061545, 458, -0.7760902
1564061544, 457, -2.042524
1564061543, 456, 3.3114316
1564061542, 455, 1.5067049
1564061541, 454, 0.2910453
1564061540, 453, 1.0354904
1564061539, 452, 2.6824834
1564061558, 471, 3.3301303
1564061557, 470, -0.090803705
1564061556, 469, 4.056223
1564061555, 468, 0.16936843
1564061554, 467, 3.2797291
1564061553, 466, 0.48940715
1564061552, 465, 3.0562007
1564061551, 464, 1.507897
1564061550, 463, -0.12589663
1564061549, 462, -1.6918058
1564061568, 481, 1.7631289
1564061566, 479, -0.55303454
1564061564, 477, 1.7462243
1564061562, 475, 1.4829988
1564061561, 474, 2.5349882
1564061560, 473, 1.080443
1564061559, 472, -0.42107853
1564061578, 491, -1.7965308
1564061577, 490, 2.5579064
1564061576, 489, 2.1214974
1564061575, 488, 3.5095081
1564061574, 487, 0.34400377
1564061572, 485, 4.232019
1564061570, 483, -3.5810287
1564061589, 502, 1.6085707
1564061588, 501, 0.94463485
1564061587, 500, 4.2875943
1564061586, 499, -4.885804
1564061585, 498, 1.6305708
1564061584, 497, 1.2039082
1564061583, 496, -0.22486877
1564061582, 495, 5.9791923
1564061581, 494, 2.987355
1564061580, 493, 4.1046596
1564061599, 512, 2.721861
1564061598, 511, 5.766216
1564061597, 510, 5.5548058
1564061596, 509, 1.4731575
1564061595, 508, 0.34162733
1564061594, 507, 1.4751736
1564061593, 506, -1.4948546
1564061592, 505, 4.1946125
1564061591, 504, -1.460989
1564061590, 503, 0.78260416
1564061609, 522, 4.7154574
1564061608, 521, -0.9501016
1564061607, 520, 4.8981237
1564061606, 519, 1.4356207
1564061605, 518, 7.2173476
1564061604, 517, 4.276524
1564061603, 516, 6.2154484
1564061602, 515, 2.0272813
1564061601, 514, 3.3502874
1564061600, 513, 1.4347125
1564061619, 532, 2.504092
1564061618, 531, 0.736294
1564061617, 530, 4.269482
1564061616, 529, 0.89449114
1564061615, 528, 3.7990735
1564061614, 527, 2.3198926
1564061613, 526, 4.142332
1564061612, 525, 1.6299973
1564061611, 524, 12.5154
1564061610, 523, 2.250675
1564061629, 542, 1.9527584
1564061628, 541, 2.4302015
1564061627, 540, 0.748858
1564061626, 539, 1.033551
1564061625, 538, -0.14806724
1564061624, 537, 2.8963387
1564061623, 536, 3.533797
1564061622, 535, 1.7430285
1564061621, 534, -0.00821654
1564061620, 533, 1.8818756
1564061639, 552, -2.0121899
1564061638, 551, 2.4142008
1564061637, 550, 1.5127859
1564061636, 549, 1.0948638
1564061635, 548, 0.38359427
1564061634, 547, -2.0642078
1564061633, 546, 2.0918028
1564061632, 545, -0.35271406
1564061631, 544, 1.8338838
1564061630, 543, 2.4444027
1564061650, 563, -0.38339707
1564061649, 562, 0.91649514
1564061648, 561, -0.8233237
1564061647, 560, 2.3806832
1564061645, 558, 4.510609
1564061643, 556, 2.3814898
1564061641, 554, -0.29643965
1564061660, 573, -0.1686305
1564061659, 572, 2.429858
1564061658, 571, 2.81017
1564061657, 570, 0.41374788
1564061656, 569, 2.8918946
1564061655, 568, -0.31267068
1564061654, 567, 0.26256672
1564061653, 566, 1.0552322
1564061652, 565, 2.069851
1564061651, 564, -0.75780773
1564061670, 583, 0.3355635
1564061669, 582, 4.63893
1564061668, 581, -0.45177618
1564061667, 580, 1.034668
1564061666, 579, -1.0467519
1564061665, 578, 0.97763795
1564061664, 577, 1.9736795
1564061663, 576, 2.0677364
1564061662, 575, 0.23457885
1564061661, 574, 7.2419357
1564061680, 593, 5.093511
1564061679, 592, 1.9285218
1564061678, 591, 2.1723986
1564061677, 590, 2.2874086
1564061676, 589, 2.4440138
1564061675, 588, 2.4861383
1564061674, 587, 2.9418566
1564061673, 586, 3.1956694
1564061672, 585, 6.413017
1564061671, 584, 3.292116
1564061690, 603, 6.746555
1564061688, 601, 2.3747768
1564061686, 599, 0.8595889
1564061684, 597, 2.3914814
1564061682, 595, 0.9169211
1564061681, 594, 2.398517
1564061701, 614, 3.3960283
1564061700, 613, 2.8797312
1564061698, 611, 1.179058
1564061697, 610, 1.2683152
1564061696, 609, 12.892392
1564061694, 607, 3.6452274
1564061692, 605, 7.238588
1564061711, 624, 4.1335564
1564061710, 623, 4.182394
1564061709, 622, 1.8353335
1564061708, 621, -1.0918843
1564061707, 620, 2.118926
1564061706, 619, 0.7497659
1564061704, 617, -0.06794461
1564061703, 616, 1.4699055
1564061702, 615, 1.4570657
1564061721, 634, -0.08022404
1564061720, 633, 2.7812016
1564061719, 632, 6.7242236
1564061718, 631, 2.5779848
1564061716, 629, 0.2212336
1564061715, 628, 2.3721445
1564061714, 627, -1.2611114
1564061713, 626, -1.2258186
1564061732, 645, 2.361867
1564061731, 644, -1.311533
1564061729, 642, 4.0824184
1564061728, 641, 2.613508
1564061727, 640, 9.757945
1564061726, 639, -1.2507467
1564061725, 638, 1.0864464
1564061724, 637, -0.4787655
1564061722, 635, 4.171638
1564061743, 656, 0.3209155
1564061741, 654, -0.79754496
1564061740, 653, 1.4883972
1564061739, 652, -0.0015344223
1564061738, 651, 0.95200366
1564061737, 650, 4.148651
1564061735, 648, 2.7484715
1564061734, 647, 1.7731203
1564061733, 646, -0.16016881
1564061753, 666, 1.969442
1564061752, 665, 2.7097025
1564061751, 664, 0.89559
1564061750, 663, 2.176944
1564061748, 661, 2.1638467
1564061747, 660, 0.24548459
1564061746, 659, 1.9728035
1564061745, 658, -2.5763376
1564061744, 657, 0.47236547
1564061764, 677, 0.06068659
1564061763, 676, -1.7144666
1564061762, 675, 1.2567819
1564061760, 673, 3.5649755
1564061759, 672, 2.449304
1564061758, 671, 4.989763
1564061757, 670, 3.0641403
1564061756, 669, 3.27093
1564061754, 667, 0.51767665
1564061774, 687, 5.9532948
1564061772, 685, 1.3045957
1564061771, 684, -0.6784229
1564061770, 683, 1.0468916
1564061769, 682, 0.75272876
1564061768, 681, 4.650512
1564061766, 679, 1.1867201
1564061765, 678, 1.4043838
1564061784, 697, 7.9360747
1564061783, 696, 11.0499735
1564061794, 707, -0.4449242
1564061792, 705, 3.7921426
1564061791, 704, 1.5533471
1564061790, 703, 4.6822734
1564061789, 702, 9.193633
1564061788, 701, 8.681914
1564061787, 700, 9.621402
1564061786, 699, 11.247616
1564061785, 698, 3.7915385
1564061805, 718, 0.0074629784
1564061804, 717, 6.898894
1564061803, 716, 0.53583026
1564061802, 715, 2.145744
1564061801, 714, 2.7909858
1564061800, 713, 5.5276923
1564061798, 711, 2.0260172
1564061796, 709, 0.5004093
1564061815, 728, 1.824041
1564061814, 727, 0.9293116
1564061813, 726, -2.088833
1564061812, 725, 2.2120152
1564061811, 724, 4.2703824
1564061810, 723, 2.2595875
1564061809, 722, 3.6963844
1564061808, 721, 4.2137837
1564061807, 720, 1.4788829
1564061806, 719, 10.555974
1564061825, 738, 2.4224565
1564061824, 737, 0.77409
1564061823, 736, -0.41068593
1564061822, 735, -0.5592682
1564061821, 734, -0.0041944184
1564061820, 733, 1.8063625
1564061819, 732, 0.1811722
1564061818, 731, 2.9316118
1564061817, 730, 3.9196799
1564061816, 729, 2.6815693
1564061835, 748, 1.8415788
1564061834, 747, -0.23421836
1564061833, 746, 0.23759304
1564061832, 745, 2.461007
1564061831, 744, 0.7828088
1564061830, 743, 1.5511147
1564061829, 742, 0.47480938
1564061828, 741, 0.16073672
1564061827, 740, 0.14004326
1564061826, 739, 1.3244066
1564061845, 758, -1.1746974
1564061843, 756, -0.1336217
1564061841, 754, 4.405255
1564061839, 752, -1.4953102
1564061837, 750, 2.627364
1564061836, 749, 3.5254948
1564061855, 768, 3.732413
1564061853, 766, 1.2819481
1564061851, 764, 1.374637
1564061849, 762, 3.083217
1564061847, 760, 1.4515995
1564061866, 779, 3.7113106
1564061865, 778, 0.14351845
1564061864, 777, 2.5542336
1564061863, 776, 1.3490219
1564061862, 775, 2.4111187
1564061861, 774, 0.22868077
1564061860, 773, 2.4583027
1564061859, 772, 1.9129957
1564061858, 771, 0.66736746
1564061857, 770, -0.67789173
1564061876, 789, 0.8511842
1564061875, 788, -1.7980493
1564061874, 787, 3.3504887
1564061873, 786, 1.1305112
1564061872, 785, 5.623987
1564061871, 784, 3.325339
1564061870, 783, 3.9223833
1564061869, 782, -0.38632858
1564061868, 781, 1.6843392
1564061867, 780, 1.1679103
1564061886, 799, 3.2716954
1564061885, 798, -0.1765744
1564061884, 797, 2.2471719
1564061883, 796, 2.0403082
1564061882, 795, 1.6531386
1564061881, 794, 1.7917333
1564061880, 793, 2.6180258
1564061879, 792, 0.41327098
1564061878, 791, -0.04766226
1564061877, 790, -0.522281
1564061896, 809, 5.8178735
1564061894, 807, 0.73166174
1564061893, 806, 4.089374
1564061892, 805, 1.9814314
1564061891, 804, 2.1025472
1564061890, 803, 8.494639
1564061889, 802, -1.7979368
1564061888, 801, 1.1625137
1564061887, 800, 1.1303321
1564061907, 820, 2.1964085
1564061906, 819, 0.84638596
1564061905, 818, 0.19394708
1564061904, 817, 8.45282
1564061902, 815, 5.994804
1564061900, 813, 6.714089
1564061898, 811, 3.4266064
1564061911, 824, 10.352545
1564061910, 823, 1.7013332
1564061909, 822, -0.9285126
1564061927, 840, -1.5992569
1564061926, 839, 0.75760317
1564061925, 838, 5.2769127
1564061924, 837, 11.708392
1564061923, 836, 11.732617
1564061937, 850, 5.7167373
1564061936, 849, 4.3096647
1564061935, 848, 9.5205555
1564061934, 847, 3.2944038
1564061933, 846, 4.2375703
1564061932, 845, 11.190309
1564061931, 844, 1.6350822
1564061930, 843, 8.6717005
1564061929, 842, 7.780436
1564061928, 841, 4.815432
1564061948, 861, -4.9757113
1564061946, 859, -0.66576976
1564061944, 857, 0.9452331
1564061942, 855, 3.47211
1564061940, 853, 2.501005
1564061939, 852, 9.757425
1564061938, 851, 5.885685
1564061957, 870, 2.116326
1564061956, 869, 2.2936232
1564061955, 868, 2.4896715
1564061954, 867, 1.7104101
1564061953, 866, 0.3962594
1564061951, 864, 0.4999956
1564061950, 863, -0.2407053
1564061949, 862, 5.957353
1564061948, 861, 2.669921
1564061968, 881, 0.086612664
1564061967, 880, 1.0247341
1564061965, 878, 1.2151585
1564061964, 877, 2.7182133
1564061963, 876, 4.979954
1564061962, 875, 0.9087532
1564061961, 874, 0.42425266
1564061960, 873, 0.93222046
1564061958, 871, -2.3016727
1564061979, 892, 2.5733562
1564061977, 890, 0.17602444
1564061976, 889, 0.5311815
1564061975, 888, 2.7818553
1564061974, 887, 2.246639
1564061973, 886, -0.27999792
1564061971, 884, 3.5465262
1564061970, 883, 3.228693
1564061969, 882, 3.967477
1564061989, 902, 0.1631531
1564061988, 901, 3.0685034
1564061987, 900, -0.046379328
1564061986, 899, 0.8887219
1564061984, 897, 1.4207085
1564061983, 896, 0.45564428
1564061982, 895, -0.70935917
1564061981, 894, -0.03894663
1564061980, 893, 3.116476
1564062000, 913, 0.5903352
1564061999, 912, -0.15863483
1564061997, 910, 0.6220197
1564061996, 909, -3.5014045
1564061995, 908, 2.533024
1564061994, 907, 2.5052145
1564061993, 906, 2.6587698
1564061991, 904, 2.5756783
1564061990, 903, 0.49863878
1564062010, 923, 1.3460692
1564062009, 922, 0.36630586
1564062008, 921, 2.4202738
1564062007, 920, 0.063796796
1564062006, 919, 7.8217864
1564062004, 917, 1.4494106
1564062003, 916, 2.5026753
1564062002, 915, 2.61746
1564062001, 914, -2.5511942
1564062021, 934, -2.8006718
1564062020, 933, -0.90771335
1564062019, 932, -0.9419387
1564062017, 930, 0.9927547
1564062016, 929, 0.583186
1564062015, 928, -1.3666104
1564062014, 927, 0.5260392
1564062013, 926, 3.334216
1564062011, 924, 3.935396
1564062025, 938, 5.981276
1564062024, 937, 10.219616
1564062023, 936, 4.902589
1564062022, 935, 5.4818254
1564062041, 954, 5.0583677
1564062040, 953, 10.241196
1564062039, 952, 8.782861
1564062038, 951, 7.4531245
1564062037, 950, 3.804819
1564062036, 949, 9.517495
1564062051, 964, -0.72200495
1564062050, 963, 7.773477
1564062049, 962, 9.689757
1564062048, 961, 0.6272609
1564062047, 960, -1.68924
1564062046, 959, -2.5401525
1564062045, 958, 3.8929462
1564062044, 957, -1.8342441
1564062043, 956, 10.406483
1564062042, 955, -1.9457145
1564062063, 976, -1.0096515
1564062062, 975, 0.28479075
1564062060, 973, 1.7910539
1564062058, 971, 3.4875019
1564062057, 970, 11.606506
1564062056, 969, 7.768842
1564062055, 968, 12.241914
1564062054, 967, 1.395255
1564062053, 966, 7.881235
1564062073, 986, 2.516774
1564062072, 985, 4.2919097
1564062070, 983, 3.751566
1564062069, 982, 2.4388032
1564062068, 981, 7.923293
1564062067, 980, -0.0037988026
1564062066, 979, 3.6222832
1564062065, 978, 3.513733
1564062064, 977, 1.7622541
1564062082, 995, 3.9294899
1564062081, 994, 2.4810688
1564062080, 993, 4.725254
1564062079, 992, 1.2788168
1564062078, 991, 3.2784367
1564062076, 989, 3.9331322
1564062075, 988, -1.9761807
1564062074, 987, 2.9097214
1564062093, 1006, -0.15201092
1564062092, 1005, 1.2647649
1564062091, 1004, -0.1553098
1564062090, 1003, 4.0093045
1564062088, 1001, 2.0134442
1564062087, 1000, 6.5979514
1564062086, 999, 2.8549654
1564062085, 998, 2.7980168
1564062083, 996, 0.90588516
1564062103, 1016, -0.18292046
1564062102, 1015, -1.5480022
1564062101, 1014, 4.2451243
1564062099, 1012, 3.9740832
1564062098, 1011, -1.1588298
1564062097, 1010, 2.7776527
1564062096, 1009, 0.53109074
1564062094, 1007, 5.4944534
1564062113, 1026, 6.167644
1564062112, 1025, 12.778896
1564062110, 1023, 9.327344
1564062109, 1022, 6.675574
1564062108, 1021, 10.490581
1564062107, 1020, 10.22199
1564062106, 1019, 7.4866395
1564062104, 1017, 0.6078644
1564062124, 1037, 0.6690133
1564062123, 1036, 1.0666076
1564062121, 1034, 5.6596313
1564062120, 1033, 2.8147013
1564062119, 1032, 0.3307611
1564062118, 1031, 1.7112652
1564062117, 1030, -0.15768087
1564062115, 1028, 9.859476
1564062114, 1027, 11.108512
1564062134, 1047, 1.0911423
1564062132, 1045, -0.15805097
1564062131, 1044, 2.1735315
1564062130, 1043, 0.99898344
1564062129, 1042, 0.949886
1564062128, 1041, -0.9039156
1564062126, 1039, 0.956866
1564062125, 1038, 3.8894107
1564062145, 1058, 2.6071584
1564062144, 1057, 1.1599857
1564062142, 1055, 0.080846906
1564062141, 1054, 2.8748176
1564062140, 1053, 1.187969
1564062139, 1052, 2.8739421
1564062137, 1050, -0.4629899
1564062136, 1049, 0.6620407
1564062135, 1048, 0.9122309
1564062155, 1068, 3.7650318
1564062154, 1067, -2.2646644
1564062152, 1065, 2.243089
1564062151, 1064, 6.2713866
1564062150, 1063, 1.0183553
1564062149, 1062, 1.1838013
1564062147, 1060, 3.331937
1564062146, 1059, 2.6162698
1564062165, 1078, 0.7277649
1564062164, 1077, 0.14654677
1564062162, 1075, 0.47040197
1564062161, 1074, 1.0282985
1564062160, 1073, 5.3874702
1564062159, 1072, 0.25742793
1564062157, 1070, 2.5222824
1564062156, 1069, 0.96942395
1564062175, 1088, 0.824627
1564062174, 1087, -1.6510471
1564062172, 1085, 4.1863937
1564062171, 1084, 2.9780867
1564062170, 1083, 2.8186862
1564062169, 1082, 4.4433055
1564062167, 1080, 0.86036557
1564062166, 1079, 3.062398
1564062184, 1097, 2.3148324
1564062183, 1096, 4.565618
1564062181, 1094, 3.5565798
1564062180, 1093, 1.7038183
1564062179, 1092, 1.5400289
1564062177, 1090, -0.41964436
1564062176, 1089, 2.1509974
1564062189, 1102, 5.7986813
1564062188, 1101, 4.0077767
1564062187, 1100, 0.14784567
1564062185, 1098, 0.1773115
1564062205, 1118, 9.32613
1564062203, 1116, 5.0059395
1564062202, 1115, 7.6816354
1564062214, 1127, 4.164335
1564062212, 1125, -0.98374796
1564062211, 1124, 6.6461177
1564062210, 1123, 12.142761
1564062209, 1122, 5.1393657
1564062208, 1121, 2.117874
1564062207, 1120, 6.9610786
1564062205, 1118, 9.139504
1564062226, 1139, 1.9155763
1564062224, 1137, 4.12802
1564062223, 1136, -1.8150716
1564062222, 1135, 0.47083738
1564062220, 1133, -11.747019
1564062219, 1132, 15.1685
1564062218, 1131, 1.3061254
1564062217, 1130, 1.9964517
1564062216, 1129, -1.4614798
1564062236, 1149, 1.6439308
1564062234, 1147, -1.699822
1564062233, 1146, -0.8836854
1564062232, 1145, -0.25871208
1564062231, 1144, 3.114329
1564062229, 1142, 3.279239
1564062228, 1141, 0.23944576
1564062227, 1140, 7.41609
1564062246, 1159, 2.3521035
1564062244, 1157, -1.3142543
1564062243, 1156, 2.5937662
1564062242, 1155, -0.008190314
1564062241, 1154, 0.76862764
1564062239, 1152, 0.945157
1564062238, 1151, 2.561515
1564062237, 1150, 1.6107349
