1567264980321297000, 19228871200, 0.0
1567264973411143200, 12318717400, 0.0
1567264971479677200, 10387251400, 0.0
1567264982657703000, 21565277200, 0.0
1567264989590215000, 28497789200, 0.0
1567264987038802000, 25946376200, 0.0
1567265005042728500, 43950302700, 0.0
1567264996366959700, 35274533900, 0.0
1567264996293157100, 35200731300, 0.0
1567265009613290000, 48520864200, 0.0
1567265025473325800, 64380900000, 0.0
1567265021086216700, 59992794100, 0.0
1567265018487669900, 57395244100, 0.0
1567265011721318100, 50628892300, 0.0
1567265028070094200, 66977668400, 0.0
1567265034437676000, 73345250200, 0.0
1567265045881922300, 84789496500, 0.0
1567265041438156900, 80345731100, 0.0
1567265036977432100, 75885006300, 0.0
1567265053192862700, 92100436900, 0.0
1567265052952505600, 91860079800, 0.0
1567265059785965900, 98693540100, 0.0
1567265073766361300, 112672938000, 0.0
1567265071197635300, 110105209500, 0.0
1567265067005381500, 105912955700, 0.0
1567265062371647800, 101279222000, 0.0
1567265080345402100, 119252976300, 0.0
1567265077988360100, 116895934300, 0.0
1567265085121930200, 124029504400, 0.0
1567265101021704700, 139929278900, 0.0
1567265100756413200, 139663987400, 0.0
1567265093941140200, 132848714400, 0.0
1567265093656899800, 132564474000, 0.0
1567265109939914600, 148847488800, 0.0
1567265118690681500, 157598255700, 0.0
1567265111791687800, 150699262000, 0.0
1567265123612520500, 162520094700, 0.0
1567265123399094200, 162306668400, 0.0
1567265130193333300, 169100907500, 0.0
1567265132171366400, 171078940600, 0.0
1567265148738652400, 187646226600, 0.0
1567265144418826100, 183326400300, 0.0
1567265137565243800, 176472818000, 0.0
1567265137315912000, 176223486200, 0.0
1567265155906122100, 194813696300, 0.0
1567265153647829600, 192555403800, 0.0
1567265176372451300, 215280025500, 0.0
1567265176361480700, 215269054900, 0.0
1567265169176410300, 208083984500, 0.0
1567265164606565600, 203514139800, 0.0
1567265185071992200, 223979566400, 0.0
1567265182963912500, 221871486700, 0.0
1567265199019148600, 237926722800, 0.0
1567265199016157700, 237923731900, 0.0
1567265192313623900, 231221198100, 0.0
1567265191775063600, 230682637800, 0.0
1567265207801963900, 246709538100, 0.0
1567265207778027200, 246685601400, 0.0
1567265226340436700, 265248010900, 0.0
1567265224214633900, 263122208100, 0.0
1567265219623029000, 258530603200, 0.0
1567265215140124700, 254047698900, 0.0
1567265214579624000, 253487198200, 0.0
1567265233296824800, 272204399000, 0.0
1567265233206063900, 272113638100, 0.0
1567265240072881300, 278980455500, 0.0
1567265239914305000, 278821879200, 0.0
1567265251547992500, 290455566700, 0.0
1567265249058147900, 287965722100, 0.0
1567265260304658800, 299212233000, 0.0
1567265276217700300, 315125274500, 0.0
1567265274266579300, 313174153500, 0.0
1567265265348628200, 304256202400, 0.0
1567265263000666400, 301908240600, 0.0
1567265296992613000, 335900187200, 0.0
1567265292650914200, 331558488400, 0.0
1567265287581726000, 326489300200, 0.0
1567265301350909900, 340258484100, 0.0
1567265303680461800, 342588036000, 0.0
1567265321579040500, 360486614700, 0.0
1567265316807678200, 355715252400, 0.0
1567265314678679800, 353586254000, 0.0
1567265310214722800, 349122297000, 0.0
1567265324153190200, 363060764400, 0.0
1567265328691867600, 367599441800, 0.0
1567265342210973500, 381118547700, 0.0
1567265339511910300, 378419484500, 0.0
1567265332779580000, 371687154200, 0.0
1567265346084456300, 384992030500, 0.0
1567265351155919500, 390063493700, 0.0
1567265366832079600, 405739653800, 0.0
1567265362219525900, 401127100100, 0.0
1567265357960351800, 396867926000, 0.0
1567265353323480900, 392231055100, 0.0
1567265369461548700, 408369122900, 0.0
1567265376060990600, 414968564800, 0.0
1567265373595787300, 412503361500, 0.0
1567265391868402400, 430775976600, 0.0
1567265384897357000, 423804931200, 0.0
1567265378701676800, 417609251000, 0.0
1567265398525286500, 437432860700, 0.0
1567265417053107200, 455960681400, 0.0
1567265412619716400, 451527290600, 0.0
1567265408081858000, 446989432200, 0.0
1567265403366463100, 442274037300, 0.0
1567265421384258500, 460291832700, 0.0
1567265426334100000, 465241674200, 0.0
1567265426283237500, 465190811700, 0.0
1567265436988736300, 475896310500, 0.0
1567265434884835500, 473792409700, 0.0
1567265439845552500, 478753126700, 0.0
1567265446545765100, 485453339300, 0.0
1567265446518837800, 485426412000, 0.0
1567265462446574600, 501354148800, 0.0
1567265462379753700, 501287327900, 0.0
1567265457402499700, 496310073900, 0.0
1567265455143969100, 494051543300, 0.0
1567265471461266200, 510368840400, 0.0
1567265471130152400, 510037726600, 0.0
1567265480264700400, 519172274600, 0.0
1567265478324662700, 517232236900, 0.0
1567265486817957000, 525725531200, 0.0
1567265489326757400, 528234331600, 0.0
1567265503305590800, 542213165000, 0.0
1567265500676088000, 539583662200, 0.0
1567265495958856100, 534866430300, 0.0
1567265494099433600, 533007007800, 0.0
1567265509878908500, 548786482700, 0.0
1567265509718336800, 548625911000, 0.0
1567265516511216400, 555418790600, 0.0
1567265530340883200, 569248457400, 0.0
1567265530253121400, 569160695600, 0.0
1567265521525981300, 560433555500, 0.0
1567265521102115000, 560009689200, 0.0
1567265537319713300, 576227287500, 0.0
1567265536776167600, 575683741800, 0.0
1567265541778144300, 580685718500, 0.0
1567265552839791500, 591747365700, 0.0
1567265546310740000, 585218314200, 0.0
1567265555135954000, 594043528200, 0.0
1567265559509856200, 598417430400, 0.0
1567265578159868400, 617067442600, 0.0
1567265573303073700, 612210647900, 0.0
1567265571401563500, 610309137700, 0.0
1567265564219694900, 603127269100, 0.0
1567265582120266300, 621027840500, 0.0
1567265584652839100, 623560413300, 0.0
1567265598064847400, 636972421600, 0.0
1567265596152926700, 635060500900, 0.0
1567265591194752400, 630102326600, 0.0
1567265591177797500, 630085371700, 0.0
1567265605185876600, 644093450800, 0.0
1567265605123046200, 644030620400, 0.0
1567265618418720900, 657326295100, 0.0
1567265618318988000, 657226562200, 0.0
1567265611801374300, 650708948500, 0.0
1567265625087073300, 663994647500, 0.0
1567265648109143700, 687016717900, 0.0
1567265641289892700, 680197466900, 0.0
1567265641243018100, 680150592300, 0.0
1567265634532371500, 673439945700, 0.0
1567265634499460800, 673407035000, 0.0
1567265657451527700, 696359101900, 0.0
1567265655009598400, 693917172600, 0.0
1567265672918411500, 711825985700, 0.0
1567265666251077800, 705158652000, 0.0
1567265661698455600, 700606029800, 0.0
1567265675896990900, 714804565100, 0.0
1567265682629072700, 721536646900, 0.0
1567265680365808500, 719273382700, 0.0
1567265691896918700, 730804492900, 0.0
1567265691559821900, 730467396100, 0.0
1567265703380051200, 742287625400, 0.0
1567265707416988600, 746324562800, 0.0
1567265716781574800, 755689149000, 0.0
1567265716628983500, 755536557700, 0.0
1567265725561032600, 764468606800, 0.0
1567265725516152400, 764423726600, 0.0
1567265732962572000, 771870146200, 0.0
1567265749056154300, 787963728500, 0.0
1567265742022925000, 780930499200, 0.0
1567265741747661200, 780655235400, 0.0
1567265734957666300, 773865240500, 0.0
1567265751097286300, 790004860500, 0.0
1567265757781713100, 796689287300, 0.0
1567265757748801900, 796656376100, 0.0
1567265773595447100, 812503021300, 0.0
1567265769537877800, 808445452000, 0.0
1567265764563176600, 803470750800, 0.0
1567265764494359600, 803401933800, 0.0
1567265783024644000, 821932218200, 0.0
1567265780984103000, 819891677200, 0.0
1567265799061847200, 837969421400, 0.0
1567265796483410700, 835390984900, 0.0
1567265789984640200, 828892214400, 0.0
1567265787917713500, 826825287700, 0.0
1567265803410092300, 842317666500, 0.0
1567265808019406100, 846926980300, 0.0
1567265821677935200, 860585509400, 0.0
1567265817005542600, 855913116800, 0.0
1567265814928509800, 853836084000, 0.0
1567265828485944900, 867393519100, 0.0
1567265828155826700, 867063400900, 0.0
1567265837730156000, 876637730200, 0.0
1567265835168304200, 874075878400, 0.0
1567265848644512600, 887552086800, 0.0
1567265846220509600, 885128083800, 0.0
1567265853714542200, 892622116400, 0.0
1567265862440819200, 901348393400, 0.0
1567265858194463500, 897102037700, 0.0
1567265871389889400, 910297463600, 0.0
1567265871353983700, 910261557900, 0.0
1567265878269103400, 917176677600, 0.0
1567265894115630900, 933023205100, 0.0
1567265894054794600, 932962368800, 0.0
1567265887671797600, 926579371800, 0.0
1567265887529178600, 926436752800, 0.0
1567265880650165700, 919557739900, 0.0
1567265901508991800, 940416566000, 0.0
1567265916944734400, 955852308600, 0.0
1567265912936827700, 951844401900, 0.0
1567265905943976800, 944851551000, 0.0
1567265924248898700, 963156472900, 0.0
1567265923847970700, 962755544900, 0.0
1567265942780624600, 981688198800, 0.0
1567265937851332600, 976758906800, 0.0
1567265933085197300, 971992771500, 0.0
1567265931211018300, 970118592500, 0.0
1567265949444036300, 988351610500, 0.0
1567265947364337100, 986271911300, 0.0
1567265969852822900, 1008760397100, 0.0
1567265963211457800, 1002119032000, 0.0
1567265962772630900, 1001680205100, 0.0
1567265956167585100, 995075159300, 0.0
1567265956164591600, 995072165800, 0.0
1567265972120396800, 1011027971000, 0.0
1567265979007975300, 1017915549500, 0.0
1567265976674847600, 1015582421800, 0.0
1567265994992082000, 1033899656200, 0.0
1567265992284719700, 1031192293900, 0.0
1567265986074947000, 1024982521200, 0.0
1567265999463496800, 1038371071000, 0.0
1567266017335885300, 1056243459500, 0.0
1567266017217180000, 1056124754200, 0.0
1567266008375176300, 1047282750500, 0.0
1567266006168384500, 1045075958700, 0.0
1567266024461905600, 1063369479800, 0.0
1567266026712386800, 1065619961000, 0.0
1567266040264509500, 1079172083700, 0.0
1567266033603610900, 1072511185100, 0.0
1567266033445034900, 1072352609100, 0.0
1567266047307877800, 1086215452000, 0.0
1567266046685541900, 1085593116100, 0.0
1567266067782469800, 1106690044000, 0.0
1567266065219725300, 1104127299500, 0.0
1567266058516368000, 1097423942200, 0.0
1567266053985421000, 1092892995200, 0.0
1567266051815791500, 1090723365700, 0.0
1567266074116781900, 1113024356100, 0.0
1567266088367613300, 1127275187500, 0.0
1567266085957977500, 1124865551700, 0.0
1567266081477364100, 1120384938300, 0.0
1567266076811001000, 1115718575200, 0.0
1567266095212549100, 1134120123300, 0.0
1567266099343461600, 1138251035800, 0.0
1567266116061249900, 1154968824100, 0.0
1567266111397556100, 1150305130300, 0.0
1567266108724298100, 1147631872300, 0.0
1567266106205606600, 1145112182500, 0.0
1567266124985566400, 1163893140600, 0.0
1567266124590621400, 1163498195600, 0.0
1567266148224077800, 1187131652000, 0.0
1567266145301705800, 1184209280000, 0.0
1567266136788678200, 1175696252400, 0.0
1567266134087613400, 1172995187600, 0.0
1567266152688448100, 1191596022300, 0.0
1567266156868923000, 1195776497200, 0.0
1567266175637762100, 1214545336300, 0.0
1567266175495143600, 1214402717800, 0.0
1567266166493670300, 1205401244500, 0.0
1567266166489679300, 1205397253500, 0.0
1567266161438689400, 1200346263600, 0.0
1567266184600329200, 1223507903400, 0.0
1567266184582377200, 1223489951400, 0.0
1567266198417925600, 1237325499800, 0.0
1567266193953121900, 1232860696100, 0.0
1567266191688423900, 1230595998100, 0.0
1567266205410579400, 1244318153600, 0.0
1567266202518109600, 1241425683800, 0.0
1567266225788720200, 1264696294400, 0.0
1567266220742091800, 1259649666000, 0.0
1567266218376803700, 1257284377900, 0.0
1567266212160204800, 1251067779000, 0.0
1567266227913339700, 1266820913900, 0.0
1567266232387897900, 1271294474300, 0.0
1567266248824917300, 1287732491500, 0.0
1567266239764906700, 1278672480900, 0.0
1567266239255271700, 1278162845900, 0.0
1567266253048641800, 1291956216000, 0.0
1567266259852494600, 1298760068800, 0.0
1567266273849044600, 1312755622400, 0.0
1567266268898603600, 1307806177800, 0.0
1567266268812833400, 1307720407600, 0.0
1567266278111974300, 1317019548500, 0.0
1567266285145569500, 1324053143700, 0.0
1567266282822354200, 1321729928400, 0.0
1567266296897002400, 1335804576600, 0.0
1567266292272656700, 1331180230900, 0.0
1567266305498236300, 1344405810500, 0.0
1567266303453080900, 1342360655100, 0.0
1567266310497944900, 1349405519100, 0.0
1567266321402032000, 1360309606200, 0.0
1567266319373290100, 1358280864300, 0.0
1567266312385116600, 1351292690800, 0.0
1567266331236986000, 1370144560200, 0.0
1567266330658533300, 1369566107500, 0.0
1567266335764488700, 1374672062900, 0.0
1567266337825911900, 1376733486100, 0.0
1567266356117838600, 1395025412800, 0.0
1567266349378109800, 1388285684000, 0.0
1567266346981926800, 1385889501000, 0.0
1567266358780110300, 1397687684500, 0.0
1567266377053850500, 1415961424700, 0.0
1567266376553188000, 1415460762200, 0.0
1567266368017167200, 1406924741400, 0.0
1567266368014176400, 1406921750600, 0.0
1567266383358368400, 1422265942600, 0.0
1567266390877729100, 1429785303300, 0.0
1567266390675271300, 1429582845500, 0.0
1567266404456787000, 1443364361200, 0.0
1567266404435843700, 1443343417900, 0.0
1567266399388749000, 1438296323200, 0.0
1567266413449615900, 1452357190100, 0.0
1567266413360854700, 1452268428900, 0.0
1567266431657582500, 1470565156700, 0.0
1567266429202931500, 1468110505700, 0.0
1567266426677814600, 1465585388800, 0.0
1567266422526814200, 1461434388400, 0.0
1567266435923096400, 1474830670600, 0.0
1567266440677149600, 1479584723800, 0.0
1567266454759523900, 1493667098100, 0.0
1567266454472293100, 1493379867300, 0.0
1567266447426766000, 1486334340200, 0.0
1567266466089853300, 1504997427500, 0.0
1567266463508479700, 1502416053900, 0.0
1567266481557254300, 1520464828500, 0.0
1567266479886328300, 1518793902500, 0.0
1567266474955939300, 1513863513500, 0.0
1567266470219384600, 1509126958800, 0.0
1567266490844201000, 1529751775200, 0.0
1567266488676738700, 1527584312900, 0.0
1567266506943378100, 1545850952300, 0.0
1567266497944422900, 1536851997100, 0.0
1567266495341011500, 1534248585700, 0.0
1567266511402834600, 1550310408800, 0.0
1567266515808365200, 1554715939400, 0.0
1567266527253727800, 1566161302000, 0.0
1567266523023041600, 1561930615800, 0.0
1567266534420111000, 1573327685200, 0.0
1567266534390191200, 1573297765400, 0.0
1567266541527191700, 1580434765900, 0.0
1567266541047474800, 1579955049000, 0.0
1567266557545465300, 1596453039500, 0.0
1567266552696595000, 1591604169200, 0.0
1567266550600870800, 1589508445000, 0.0
1567266546120801100, 1585028375300, 0.0
1567266559579211900, 1598486786100, 0.0
1567266566443616200, 1605351190400, 0.0
1567266564213402200, 1603120976400, 0.0
1567266582738957700, 1621646531900, 0.0
1567266580009861000, 1618917435200, 0.0
1567266577658663400, 1616566237600, 0.0
1567266573215642600, 1612123216800, 0.0
1567266589572362800, 1628479937000, 0.0
1567266589150489600, 1628058063800, 0.0
1567266609913257500, 1648820831700, 0.0
1567266608171428100, 1647079002300, 0.0
1567266600910547900, 1639818122100, 0.0
1567266596213404400, 1635120978600, 0.0
1567266617263907900, 1656171482100, 0.0
1567266616757261900, 1655664836100, 0.0
1567266637393174300, 1676300748500, 0.0
1567266635265147200, 1674172721400, 0.0
1567266630590911100, 1669498485300, 0.0
1567266626190995800, 1665098570000, 0.0
1567266624041270200, 1662948844400, 0.0
1567266642497147300, 1681404721500, 0.0
1567266641987510400, 1680895084600, 0.0
1567266646975806800, 1685883381000, 0.0
1567266658444146900, 1697351721100, 0.0
1567266658092087200, 1696999661400, 0.0
1567266649287078600, 1688194652800, 0.0
1567266665197073800, 1704104648000, 0.0
1567266665195080900, 1704102655100, 0.0
1567266671959331000, 1710866905200, 0.0
1567266690237708200, 1729145282400, 0.0
1567266688067996300, 1726975570500, 0.0
1567266681717206900, 1720624781100, 0.0
1567266678706614500, 1717614188700, 0.0
1567266701733152600, 1740640726800, 0.0
1567266699780048300, 1738687622500, 0.0
1567266718146669100, 1757054243300, 0.0
1567266715332184400, 1754239758600, 0.0
1567266709068963700, 1747976537900, 0.0
1567266706812757800, 1745720332000, 0.0
1567266727171063000, 1766078637200, 0.0
1567266724719355000, 1763626929200, 0.0
1567266731894111700, 1770801685900, 0.0
1567266747751015700, 1786658589900, 0.0
1567266747532601200, 1786440175400, 0.0
1567266740907094200, 1779814668400, 0.0
1567266738904652900, 1777812227100, 0.0
1567266733889261100, 1772796835300, 0.0
1567266752716822300, 1791624396500, 0.0
1567266770757154200, 1809664728400, 0.0
1567266766038772200, 1804946346400, 0.0
1567266764195290700, 1803102864900, 0.0
1567266759174930200, 1798082504400, 0.0
1567266777598433100, 1816506007300, 0.0
1567266777461798400, 1816369372600, 0.0
1567266782742265400, 1821649839600, 0.0
1567266798100233400, 1837007807600, 0.0
1567266794066803900, 1832974378100, 0.0
1567266791649707100, 1830557281300, 0.0
1567266784415445400, 1823323019600, 0.0
1567266803194113500, 1842101687700, 0.0
1567266805664135100, 1844571709300, 0.0
1567266823918069500, 1862825643700, 0.0
1567266821469225200, 1860376799400, 0.0
1567266814711975800, 1853619550000, 0.0
1567266811941921700, 1850849495900, 0.0
1567266833095434000, 1872003008200, 0.0
1567266835145634000, 1874053208200, 0.0
1567266851517220100, 1890424794300, 0.0
1567266851122279700, 1890029853900, 0.0
1567266842241015000, 1881148589200, 0.0
1567266839871032700, 1878778606900, 0.0
1567266858282742200, 1897190316400, 0.0
1567266860453265700, 1899360839900, 0.0
1567266865729116000, 1904636690200, 0.0
1567266865725126900, 1904632701100, 0.0
1567266872402710000, 1911310284200, 0.0
1567266872227178200, 1911134752400, 0.0
1567266883439381500, 1922346955700, 0.0
1567266881325828600, 1920233402800, 0.0
1567266888499758700, 1927407332900, 0.0
1567266888004084200, 1926911658400, 0.0
1567266904382190900, 1943289765100, 0.0
1567266902222498600, 1941130072800, 0.0
1567266897231901600, 1936139475800, 0.0
1567266895345458600, 1934253032800, 0.0
1567266913082873700, 1951990447900, 0.0
1567266911159661000, 1950067235200, 0.0
1567266918400304100, 1957307878300, 0.0
1567266929362987900, 1968270562100, 0.0
1567266927610836200, 1966518410400, 0.0
1567266920437079900, 1959344654100, 0.0
1567266936486523700, 1975394097900, 0.0
1567266941414057000, 1980321631200, 0.0
1567266964637199100, 2003544773300, 0.0
1567266962144772500, 2001052346700, 0.0
1567266959542019800, 1998449594000, 0.0
1567266950560468000, 1989468042200, 0.0
1567266948106538400, 1987014112600, 0.0
1567266945491336200, 1984398910400, 0.0
1567266994551238800, 2033458813000, 0.0
1567266992168275200, 2031075849400, 0.0
1567266985545014200, 2024452588400, 0.0
1567266977477063600, 2016384637800, 0.0
1567266977325467300, 2016233041500, 0.0
1567266969682909000, 2008590483200, 0.0
1567267001038885800, 2039946460000, 0.0
1567267017445440200, 2056353014400, 0.0
1567267015276962200, 2054184536400, 0.0
1567267010640205400, 2049547779600, 0.0
1567267005745297400, 2044652871600, 0.0
1567267022008671600, 2060916245800, 0.0
1567267026194474200, 2065102048400, 0.0
1567267047345834900, 2086253409100, 0.0
1567267044564615600, 2083472189800, 0.0
1567267038063220800, 2076970795000, 0.0
1567267032938437600, 2071846011800, 0.0
1567267031023557300, 2069931131500, 0.0
1567267051893144600, 2090800718800, 0.0
1567267056426020700, 2095333594900, 0.0
1567267101016402500, 2139923976700, 0.0
1567267093601430500, 2132509004700, 0.0
1567267092983084100, 2131890658300, 0.0
1567267087616931500, 2126524505700, 0.0
1567267082893819300, 2121801393500, 0.0
1567267077791879200, 2116699453400, 0.0
1567267072667770700, 2111575344900, 0.0
1567267068346401400, 2107253975600, 0.0
1567267063208878900, 2102116453100, 0.0
1567267060485164700, 2099392738900, 0.0
1567267110164497400, 2149072071600, 0.0
1567267107799820900, 2146707395100, 0.0
1567267119311648100, 2158219222300, 0.0
1567267121303320800, 2160210895000, 0.0
1567267130290282900, 2169197857100, 0.0
1567267128315565400, 2167223139600, 0.0
1567267139028321100, 2177935895300, 0.0
1567267155478211200, 2194385785400, 0.0
1567267154705279600, 2193612853800, 0.0
1567267147544577800, 2186452152000, 0.0
1567267140869395600, 2179776969800, 0.0
1567267167968822100, 2206876396300, 0.0
1567267165834342900, 2204741917100, 0.0
1567267194584620600, 2233492194800, 0.0
1567267186593861800, 2225501436000, 0.0
1567267186350511300, 2225258085500, 0.0
1567267180931177600, 2219838751800, 0.0
1567267179044224700, 2217951798900, 0.0
1567267197933663100, 2236841237300, 0.0
1567267206455171000, 2245362745200, 0.0
1567267206405303700, 2245312877900, 0.0
1567267217001972600, 2255909546800, 0.0
1567267216934154400, 2255841728600, 0.0
1567267225342662800, 2264250237000, 0.0
1567267249569539000, 2288477113200, 0.0
1567267246400016500, 2285307590700, 0.0
1567267241812290100, 2280719864300, 0.0
1567267233756565000, 2272664139200, 0.0
1567267230520187100, 2269427761300, 0.0
1567267256410242600, 2295317816800, 0.0
1567267262479071300, 2301386645500, 0.0
1567267275884215700, 2314791789900, 0.0
1567267272748602000, 2311656176200, 0.0
1567267284540128800, 2323447703000, 0.0
1567267290570001300, 2329477575500, 0.0
1567267313341035300, 2352248609500, 0.0
1567267313104663100, 2352012237300, 0.0
1567267303212691300, 2342120265500, 0.0
1567267301391303000, 2340298877200, 0.0
1567267292873838000, 2331781412200, 0.0
1567267318351109000, 2357258683200, 0.0
1567267322481060600, 2361388634800, 0.0
1567267327734011700, 2366641585900, 0.0
1567267334412147800, 2373319722000, 0.0
1567267353278355200, 2392185929400, 0.0
1567267353188595300, 2392096169500, 0.0
1567267346098639000, 2385006213200, 0.0
1567267344070658600, 2382978232800, 0.0
1567267360778080500, 2399685654700, 0.0
1567267368248134600, 2407155708800, 0.0
1567267367862167700, 2406769741900, 0.0
1567267374827433600, 2413735007800, 0.0
1567267377487636400, 2416395210600, 0.0
1567267394123001100, 2433030575300, 0.0
1567267394002323500, 2432909897700, 0.0
1567267387034271400, 2425941845600, 0.0
1567267384277930300, 2423185504500, 0.0
1567267405940230900, 2444847805100, 0.0
1567267403662723200, 2442570297400, 0.0
1567267410537195800, 2449444770000, 0.0
1567267415387713800, 2454295288000, 0.0
1567267433778633200, 2472686207400, 0.0
1567267428887430700, 2467795004900, 0.0
1567267422232491900, 2461140066100, 0.0
1567267421880433100, 2460788007300, 0.0
1567267417264163500, 2456171737700, 0.0
1567267438910375600, 2477817949800, 0.0
1567267438184317400, 2477091891600, 0.0
1567267445745898300, 2484653472500, 0.0
1567267466678842800, 2505586417000, 0.0
1567267459482184900, 2498389759100, 0.0
1567267457020179100, 2495927753300, 0.0
1567267454491388300, 2493398962500, 0.0
1567267447868656200, 2486776230400, 0.0
1567267475836508900, 2514744083100, 0.0
1567267475227139800, 2514134714000, 0.0
1567267485035911700, 2523943485900, 0.0
1567267484985047700, 2523892621900, 0.0
1567267500703156900, 2539610731100, 0.0
1567267498824627100, 2537732201300, 0.0
1567267506025434200, 2544933008400, 0.0
1567267519228333800, 2558135908000, 0.0
1567267515122521900, 2554030096100, 0.0
1567267512592742700, 2551500316900, 0.0
1567267508032288200, 2546939862400, 0.0
1567267523833603600, 2562741177800, 0.0
1567267528863700400, 2567771274600, 0.0
1567267528229397100, 2567136971300, 0.0
1567267542693442700, 2581601016900, 0.0
1567267540017354700, 2578924928900, 0.0
1567267533501396800, 2572408971000, 0.0
1567267551378445500, 2590286019700, 0.0
1567267549403362800, 2588310937000, 0.0
1567267558330093500, 2597237667700, 0.0
1567267558179497000, 2597087071200, 0.0
1567267581741494100, 2620649068300, 0.0
1567267577181758200, 2616089332400, 0.0
1567267574859482800, 2613767057000, 0.0
1567267570069510700, 2608977084900, 0.0
1567267565819913000, 2604727487200, 0.0
1567267584110158300, 2623017732500, 0.0
1567267590880587900, 2629788162100, 0.0
1567267589056466400, 2627964040600, 0.0
1567267607691704700, 2646599278900, 0.0
1567267605125965000, 2644033539200, 0.0
1567267602427719100, 2641335293300, 0.0
1567267597957995600, 2636865569800, 0.0
1567267616580476200, 2655488050400, 0.0
1567267618632985500, 2657540559700, 0.0
1567267637278588700, 2676186162900, 0.0
1567267630133049400, 2669040623600, 0.0
1567267629983448300, 2668891022500, 0.0
1567267623288257300, 2662195831500, 0.0
1567267644328868400, 2683236442600, 0.0
1567267644283989700, 2683191563900, 0.0
1567267651409258200, 2690316832400, 0.0
1567267665151079200, 2704058653400, 0.0
1567267664756134800, 2703663709000, 0.0
1567267658110501200, 2697018075400, 0.0
1567267653773412100, 2692680986300, 0.0
1567267671696376100, 2710603950300, 0.0
1567267676121149800, 2715028724000, 0.0
1567267697373049300, 2736280623500, 0.0
1567267697192532000, 2736100106200, 0.0
1567267688393341300, 2727300915500, 0.0
1567267685980506300, 2724888080500, 0.0
1567267678569390700, 2717476964900, 0.0
1567267706606119400, 2745513693600, 0.0
1567267727475396700, 2766382970900, 0.0
1567267727132269500, 2766039843700, 0.0
1567267720528972200, 2759436546400, 0.0
1567267717761694700, 2756669268900, 0.0
1567267713284364600, 2752191938800, 0.0
1567267709116758500, 2748024332700, 0.0
1567267736266271300, 2775173845500, 0.0
1567267734574293100, 2773481867300, 0.0
1567267757223352400, 2796130926600, 0.0
1567267752819506400, 2791727080600, 0.0
1567267748343471400, 2787251045600, 0.0
1567267745467626300, 2784375200500, 0.0
1567267762259044500, 2801166618700, 0.0
1567267762243087200, 2801150661400, 0.0
1567267782974717500, 2821882291700, 0.0
1567267780241824600, 2819149398800, 0.0
1567267771391336200, 2810298910400, 0.0
1567267771326511100, 2810234085300, 0.0
1567267787359815800, 2826267390000, 0.0
1567267789746433500, 2828654007700, 0.0
1567267796628802800, 2835536377000, 0.0
1567267812731383700, 2851638957900, 0.0
1567267805976375500, 2844883949700, 0.0
1567267805634291400, 2844541865600, 0.0
1567267798985942100, 2837893516300, 0.0
1567267815277797100, 2854185371300, 0.0
1567267820099138900, 2859006713100, 0.0
1567267835862496100, 2874770070300, 0.0
1567267833464127900, 2872371702100, 0.0
1567267829111670800, 2868019245000, 0.0
1567267847197548800, 2886105123000, 0.0
1567267852400006500, 2891307580700, 0.0
1567267849827513400, 2888735087600, 0.0
1567267873062830200, 2911970404400, 0.0
1567267870600015900, 2909507590100, 0.0
1567267866101733500, 2905009307700, 0.0
1567267859316538100, 2898224112300, 0.0
1567267856788129600, 2895695703800, 0.0
1567267903648797900, 2942556372100, 0.0
1567267900846601600, 2939754175800, 0.0
1567267893688915600, 2932596489800, 0.0
1567267886964258700, 2925871832900, 0.0
1567267884357848300, 2923265422500, 0.0
1567267908425775000, 2947333349200, 0.0
1567267910643841900, 2949551416100, 0.0
1567267917732598200, 2956640172400, 0.0
1567267931531907700, 2970439481900, 0.0
1567267926678738700, 2965586312900, 0.0
1567267924492331700, 2963399905900, 0.0
1567267935800254800, 2974707829000, 0.0
1567267940891059900, 2979798634100, 0.0
1567267947567385100, 2986474959300, 0.0
1567267947514526500, 2986422100700, 0.0
1567267959383015400, 2998290589600, 0.0
1567267956416367600, 2995323941800, 0.0
1567267967810359500, 3006717933700, 0.0
1567267973096644400, 3012004218600, 0.0
1567267970433343800, 3009340918000, 0.0
1567267998613653600, 3037521227800, 0.0
1567267994513363100, 3033420937300, 0.0
1567267987232297500, 3026139871700, 0.0
1567267986637890400, 3025545464600, 0.0
1567267979852302700, 3018759876900, 0.0
1567267975570065700, 3014477639900, 0.0
1567268001429121800, 3040336696000, 0.0
1567268019242030300, 3058149604500, 0.0
1567268017413733100, 3056321307300, 0.0
1567268010651565600, 3049559139800, 0.0
1567268010239666800, 3049147241000, 0.0
1567268028489300200, 3067396874400, 0.0
1567268026178835800, 3065086410000, 0.0
1567268031451378300, 3070358952500, 0.0
1567268054759815700, 3093667389900, 0.0
1567268054643128600, 3093550702800, 0.0
1567268049539880500, 3088447454700, 0.0
1567268045583349000, 3084490923200, 0.0
1567268042791332000, 3081698906200, 0.0
1567268040324615700, 3079232189900, 0.0
1567268063572311000, 3102479885200, 0.0
1567268063562338000, 3102469912200, 0.0
1567268068741575400, 3107649149600, 0.0
1567268084610476200, 3123518050400, 0.0
1567268084578561500, 3123486135700, 0.0
1567268075469078400, 3114376652600, 0.0
1567268070768809800, 3109676384000, 0.0
1567268094091292900, 3132998867100, 0.0
1567268091636625800, 3130544200000, 0.0
1567268098633183700, 3137540757900, 0.0
1567268110369121700, 3149276695900, 0.0
1567268109936277200, 3148843851400, 0.0
1567268101012445000, 3139920019200, 0.0
1567268119462666400, 3158370240600, 0.0
1567268117401478300, 3156309052500, 0.0
1567268124429974700, 3163337548900, 0.0
1567268126400725800, 3165308300000, 0.0
1567268142903552200, 3181811126400, 0.0
1567268138358278700, 3177265852900, 0.0
1567268135611153200, 3174518727400, 0.0
1567268154414441600, 3193322015800, 0.0
1567268152481509700, 3191389083900, 0.0
1567268177568241800, 3216475816000, 0.0
1567268175234636900, 3214142211100, 0.0
1567268168685682800, 3207593257000, 0.0
1567268163759157200, 3202666731400, 0.0
1567268163539744100, 3202447318300, 0.0
1567268189205191200, 3228112765400, 0.0
1567268202646531700, 3241554105900, 0.0
1567268198244184700, 3237151758900, 0.0
1567268196043367200, 3234950941400, 0.0
1567268191065736500, 3229973310700, 0.0
1567268207661430700, 3246569004900, 0.0
1567268214517293300, 3253424867500, 0.0
1567268230953654400, 3269861228600, 0.0
1567268230945675600, 3269853249800, 0.0
1567268225656171800, 3264563746000, 0.0
1567268216918906900, 3255826481100, 0.0
1567268240434049800, 3279341624000, 0.0
1567268237682249900, 3276589824100, 0.0
1567268251151312200, 3290058886400, 0.0
1567268248426561600, 3287334135800, 0.0
1567268245815166100, 3284722740300, 0.0
