1566136025437611800, 11903008500, 18.489999999999924
1566136025404701400, 11870098100, 18.709999999999955
1566136025369796700, 11835193400, 33.219999999999985
1566136025334887500, 11800284200, 20.36999999999994
1566136031484438200, 17949834900, 12.990000000000018
1566136031453520400, 17918917100, 23.73999999999993
1566136031421606800, 17887003500, 18.659999999999954
1566136031386700400, 17852097100, 18.65999999999994
1566136039536159600, 26001556300, 15.829999999999858
1566136039505242000, 25970638700, 37.030000000000044
1566136039474324800, 25939721500, 26.33999999999989
1566136039443408000, 25908804700, 16.729999999999688
1566136047550027600, 34015424300, 38.23000000000002
1566136047517115400, 33982512100, 16.61999999999996
1566136047484203000, 33949599700, 15.999999999999506
1566136047453287700, 33918684400, 17.609999999999964
1566136053513147400, 39978544100, 27.169999999999877
1566136053479238700, 39944635400, 18.69999999999995
1566136053446326600, 39911723300, 28.15999999999986
1566136053415409300, 39880806000, 25.819999999999876
1566136060103933300, 46569330000, 18.729999999999944
1566136060072018600, 46537415300, 28.119999999999862
1566136060037113600, 46502510300, 18.65999999999994
1566136059987246800, 46452643500, 38.079999999999956
1566136066722557800, 53187954500, 18.67999999999995
1566136066688649000, 53154045700, 24.969999999999853
1566136066653744300, 53119141000, 18.68999999999994
1566136066620829600, 53086226300, 37.05000000000006
1566136073347097300, 59812494000, 18.669999999999952
1566136073313188000, 59778584700, 18.709999999999944
1566136073279276900, 59744673600, 38.12000000000006
1566136073245369100, 59710765800, 18.469999999999917
1566136079240421400, 65705818100, 17.659999999999958
1566136079204516300, 65669913000, 30.95999999999985
1566136079171604400, 65637001100, 28.219999999999878
1566136079121735000, 65587131700, 18.439999999999916
1566136090597349800, 77062746500, 23.269999999999893
1566136090562443200, 77027839900, 19.479999999999933
1566136090527537100, 76992933800, 35.920000000000016
1566136090495622400, 76961019100, 108.4899999999984
1566136098593137600, 85058534300, 18.639999999999947
1566136098559227900, 85024624600, 36.03000000000026
1566136098528310500, 84993707200, 27.30999999999977
1566136098465480500, 84930877200, 22.399999999999924
1566136107861908300, 94327305000, 18.419999999999938
1566136107830990500, 94296387200, 26.359999999999882
1566136107801071200, 94266467900, 18.719999999999946
1566136107768159100, 94233555800, 76.309999999999
1566136118378034700, 104843431400, 25.049999999999876
1566136118347117400, 104812514100, 162.45000000000033
1566136118317197400, 104782594100, 43.64000000000061
1566136118284284200, 104749680900, 32.03999999999995
1566136126110575700, 112575972400, 42.760000000000126
1566136126080655600, 112546052300, 17.269999999999694
1566136126048741000, 112514137700, 10.93000000000004
1566136126018820600, 112484217300, 9.43000000000003
1566136132831751500, 119297148200, 24.31999999999989
1566136132800833700, 119266230400, 18.71999999999995
1566136132766925300, 119232322000, 34.09999999999994
1566136132735010400, 119200407100, 18.69999999999994
1566136142057214100, 128522610800, 37.010000000000176
1566136142026296800, 128491693500, 78.18999999999943
1566136141995379000, 128460775700, 22.33999999999992
1566136141959475900, 128424872600, 36.060000000000194
1566136147733262600, 134198659300, 26.129999999999875
1566136147703342900, 134168739600, 22.499999999999915
1566136147670429000, 134135825700, 18.62999999999993
1566136147639513300, 134104910000, 16.169999999999987
1566136152654388400, 139119785100, 18.60999999999996
1566136152622473700, 139087870400, 17.689999999999955
1566136152592553700, 139057950400, 18.589999999999947
1566136152561636500, 139027033200, 3.980000000000016
1566136159355611600, 145821008300, 18.589999999999943
1566136159325691800, 145791088500, 18.67999999999994
1566136159293777300, 145759174000, 32.169999999999824
1566136159262859300, 145728256000, 17.63999999999995
1566136167587716700, 154053113400, 42.56999999999993
1566136167555801200, 154021197900, 30.939999999999845
1566136167520894900, 153986291600, 18.62999999999995
1566136167486986900, 153952383600, 19.189999999999955
1566136174633104500, 161098501200, 4.000000000000015
1566136174602187300, 161067584000, 27.9599999999997
1566136174570273600, 161035670300, 30.909999999999837
1566136174518411700, 160983808400, 20.459999999999912
1566136179622191300, 166087588000, 17.489999999999963
1566136179592271400, 166057668100, 18.68999999999995
1566136179562351800, 166027748500, 15.590000000000027
1566136179530438000, 165995834700, 18.629999999999942
1566136186630897100, 173096293800, 18.47999999999991
1566136186600976800, 173066373500, 18.48999999999994
1566136186570059800, 173035456500, 17.22999999999971
1566136186540139500, 173005536200, 16.95999999999973
1566136193906708600, 180372105300, 18.629999999999942
1566136193875791300, 180341188000, 19.899999999999952
1566136193845871500, 180311268200, 9.800000000000022
1566136193814954100, 180280350800, 18.559999999999647
1566136201050816400, 187516213100, 77.47999999999952
1566136201017904500, 187483301200, 17.64999999999996
1566136200984993300, 187450390000, 18.419999999999906
1566136200934131500, 187399528200, 16.349999999999905
1566136210051838100, 196517234800, 18.48999999999993
1566136210018927000, 196484323700, 15.589999999999536
1566136209986013700, 196451410400, 16.07999999999951
1566136209950109700, 196415506400, 26.23999999999988
1566136215785015900, 202250412600, 18.599999999999934
1566136215755095700, 202220492400, 31.949999999999953
1566136215724178400, 202189575100, 18.59999999999995
1566136215692263300, 202157660000, 13.150000000000036
1566136222012391700, 208477788400, 25.90999999999983
1566136221979481300, 208444878000, 27.119999999999866
1566136221948563200, 208413959900, 19.509999999999945
1566136221915650500, 208381047200, 21.30999999999994
1566136229439752500, 215905149200, 18.70999999999994
1566136229409832500, 215875229200, 18.549999999999947
1566136229379912500, 215845309200, 36.470000000000134
1566136229348996000, 215814392700, 17.629999999999953
1566136236492109200, 222957505900, 23.849999999999778
1566136236462189200, 222927585900, 18.47999999999992
1566136236432269200, 222897665900, 18.759999999999945
1566136236400357300, 222865754000, 13.670000000000025
1566136246651387600, 233116784300, 69.71999999999969
1566136246621467400, 233086864100, 18.469999999999917
1566136246591548800, 233056945500, 18.759999999999945
1566136246557638300, 233023035000, 27.079999999999863
1566136252091915600, 238557312300, 18.589999999999947
1566136252050026900, 238515423600, 15.570000000000025
1566136252017116000, 238482512700, 19.47999999999991
1566136251959272400, 238424669100, 28.109999999999854
1566136259124347100, 245589743800, 18.699999999999953
1566136259094427300, 245559824000, 21.309999999999928
1566136259056530200, 245521926900, 37.01000000000013
1566136259000679400, 245466076100, 17.619999999999955
1566136264261856900, 250727253600, 22.419999999999913
1566136264230939500, 250696336200, 18.57999999999993
1566136264200022300, 250665419000, 18.56999999999993
1566136264168109000, 250633505700, 18.679999999999946
1566136270047639800, 256513036500, 18.51999999999992
1566136270016722600, 256482119300, 3.930000000000041
1566136269983811300, 256449208000, 18.559999999999942
1566136269919982600, 256385379300, 25.189999999999884
1566136277472989500, 263938386200, 17.609999999999957
1566136277440077500, 263905474200, 18.589999999999943
1566136277407165800, 263872562500, 38.55000000000014
1566136277376250200, 263841646900, 26.249999999999865
1566136287209322200, 273674718900, 76.52999999999932
1566136287178404800, 273643801500, 17.25999999999954
1566136287147487300, 273612884000, 18.749999999999947
1566136287114574600, 273579971300, 18.63999999999994
1566136292144324100, 278609720800, 26.259999999999888
1566136292113407600, 278578804300, 18.579999999999945
1566136292083487400, 278548884100, 18.65999999999995
1566136292051573700, 278516970400, 5.370000000000007
1566136298117535400, 284582932100, 6.130000000000014
1566136298087615600, 284553012300, 18.459999999999923
1566136298057697500, 284523094200, 18.64999999999993
1566136298026777900, 284492174600, 77.14999999999947
1566136305067164000, 291532560700, 15.440000000000031
1566136305034252100, 291499648800, 18.579999999999938
1566136305002336300, 291467733000, 31.55999999999986
1566136304969427100, 291434823800, 37.179999999999964
1566136313580630000, 300046026700, 39.39000000000005
1566136313546720200, 300012116900, 20.249999999999712
1566136313514805200, 299980201900, 44.220000000000134
1566136313481893200, 299947289900, 19.37999999999994
1566136320176938100, 306642334800, 17.629999999999963
1566136320147017800, 306612414500, 17.129999999999686
1566136320115103500, 306580500200, 19.68999999999995
1566136320084186500, 306549583200, 18.649999999999945
1566136329624052500, 316089449200, 15.759999999999494
1566136329585156500, 316050553200, 36.59000000000035
1566136329542270700, 316007667400, 24.149999999999903
1566136329510356500, 315975753200, 157.0800000000006
1566136340839189600, 327304586300, 17.66999999999995
1566136340801290200, 327266686900, 30.98999999999985
1566136340764389400, 327229786100, 39.910000000000615
1566136340727489700, 327192886400, 25.029999999999877
1566136349169994900, 335635391600, 37.79000000000015
1566136349126112600, 335591509300, 18.629999999999946
1566136349093200900, 335558597600, 16.519999999999587
1566136349056299200, 335521695900, 18.53999999999993
1566136354544790600, 341010187300, 18.439999999999912
1566136354510881100, 340976277800, 18.669999999999938
1566136354479964400, 340945361100, 18.549999999999933
1566136354449046100, 340914442800, 18.489999999999917
1566136362651320800, 349116717500, 76.10999999999883
1566136362621400700, 349086797400, 30.04999999999985
1566136362589486200, 349054882900, 20.349999999999923
1566136362556574000, 349021970700, 9.250000000000032
1566136368312213800, 354777610500, 18.65999999999995
1566136368280300600, 354745697300, 18.709999999999937
1566136368249382900, 354714779600, 27.10999999999987
1566136368216471000, 354681867700, 18.549999999999926
1566136377572656500, 364038053200, 17.019999999999676
1566136377542737200, 364008133900, 19.62999999999995
1566136377510822500, 363976219200, 19.589999999999947
1566136377476913100, 363942309800, 44.27999999999995
1566136384770442000, 371235838700, 19.609999999999946
1566136384740522100, 371205918800, 31.00999999999984
1566136384708607800, 371174004500, 18.61999999999995
1566136384660738800, 371126135500, 37.15
1566136392156776400, 378622173100, 25.909999999999908
1566136392123864200, 378589260900, 17.069999999999702
1566136392091948500, 378557345200, 28.189999999999863
1566136392061032200, 378526428900, 29.069999999999848
1566136399709634800, 386175031500, 15.039999999999864
1566136399677720000, 386143116700, 18.689999999999948
1566136399647800200, 386113196900, 33.829999999999956
1566136399597934900, 386063331600, 5.380000000000008
1566136410669613100, 397135009800, 18.529999999999948
1566136410639693300, 397105090000, 43.33000000000085
1566136410609773400, 397075170100, 27.609999999999882
1566136410578856400, 397044253100, 18.669999999999938
1566136418928781400, 405394178100, 18.70999999999995
1566136418897863000, 405363259700, 17.55999999999996
1566136418866958100, 405332354800, 18.159999999999677
1566136418835032300, 405300429000, 34.210000000000264
1566136425463629200, 411929025900, 17.199999999999676
1566136425432712200, 411898108900, 4.390000000000007
1566136425400798200, 411866194900, 17.59999999999995
1566136425367886300, 411833283000, 37.059999999999945
1566136432785269400, 419250666100, 20.609999999999943
1566136432753355400, 419218752100, 17.569999999999958
1566136432720446000, 419185842700, 21.03999999999995
1566136432685539600, 419150936300, 46.56000000000011
1566136441613759800, 428079156500, 24.95999999999989
1566136441581845100, 428047241800, 52.770000000000294
1566136441547936000, 428013332700, 22.409999999999922
1566136441494081300, 427959478000, 17.02999999999956
1566136450807613100, 437273009800, 12.580000000000027
1566136450777693800, 437243090500, 36.90000000000007
1566136450746778400, 437212175100, 35.25000000000007
1566136450711871900, 437177268600, 36.9499999999999
1566136460356456700, 446821853400, 19.639999999999958
1566136460326536600, 446791933300, 9.640000000000025
1566136460295619200, 446761015900, 28.219999999999864
1566136460264701400, 446730098100, 75.57999999999849
1566136468911745800, 455377142500, 15.349999999999634
1566136468880828400, 455346225100, 18.709999999999944
1566136468849911300, 455315308000, 51.41000000000027
1566136468818994100, 455284390800, 19.699999999999942
1566136476321225700, 462786622400, 32.79999999999995
1566136476288314100, 462753710800, 18.30999999999997
1566136476255402500, 462720799200, 18.33999999999961
1566136476221493900, 462686890600, 18.529999999999927
1566136482878881200, 469344277900, 18.68999999999995
1566136482847963700, 469313360400, 42.02000000000006
1566136482817046400, 469282443100, 22.239999999999917
1566136482785131500, 469250528200, 18.719999999999935
1566136491824299400, 478289696100, 17.97999999999968
1566136491794379600, 478259776300, 40.80999999999999
1566136491763462000, 478228858700, 27.02999999999985
1566136491732545300, 478197942000, 77.02999999999938
1566136498277159000, 484742555700, 37.19000000000011
1566136498246241100, 484711637800, 18.599999999999945
1566136498216321200, 484681717900, 19.789999999999946
1566136498183410700, 484648807400, 23.359999999999886
1566136503633174500, 490098571200, 28.199999999999875
1566136503603254700, 490068651400, 5.100000000000016
1566136503574332200, 490039728900, 26.169999999999863
1566136503543416200, 490008812900, 23.409999999999922
1566136511213256800, 497678653500, 27.06999999999987
1566136511183345200, 497648741900, 17.359999999999705
1566136511152419500, 497617816200, 17.429999999999634
1566136511121501700, 497586898400, 18.579999999999956
1566136517964831000, 504430227700, 28.23999999999987
1566136517933912900, 504399309600, 5.100000000000012
1566136517902996100, 504368392800, 27.189999999999873
1566136517870084600, 504335481300, 82.80999999999946
1566136526777376100, 513242772800, 5.3900000000000095
1566136526746458100, 513211854800, 5.970000000000017
1566136526716538100, 513181934800, 27.979999999999844
1566136526685621900, 513151018600, 16.77999999999936
1566136532596032800, 519061429500, 31.65999999999986
1566136532564116800, 519029513500, 18.499999999999925
1566136532533201100, 518998597800, 22.19999999999993
1566136532501287800, 518966684500, 16.52999999999998
1566136543064258700, 529529655400, 31.75999999999985
1566136543034339400, 529499736100, 42.599999999999945
1566136543003423100, 529468819800, 70.40999999999995
1566136542972505000, 529437901700, 33.0599999999999
1566136550881468200, 537346864900, 27.00999999999986
1566136550850550500, 537315947200, 36.170000000000236
1566136550819633200, 537285029900, 38.14000000000024
1566136550788716800, 537254113500, 18.679999999999946
1566136560355390700, 546820787400, 18.419999999999614
1566136560323476100, 546788872800, 25.819999999999833
1566136560289568200, 546754964900, 13.73999999999986
1566136560255657700, 546721054400, 19.56999999999994
1566136568398876700, 554864273400, 36.11000000000044
1566136568366960300, 554832357000, 21.349999999999902
1566136568333052500, 554798449200, 27.09999999999985
1566136568294155400, 554759552100, 25.7599999999998
1566136578017290200, 564482686900, 33.340000000000494
1566136577986372500, 564451769200, 18.639999999999954
1566136577954457600, 564419854300, 5.790000000000042
1566136577923539900, 564388936600, 18.619999999999937
1566136587442374400, 573907771100, 35.990000000000165
1566136587412454400, 573877851100, 23.7699999999999
1566136587381536900, 573846933600, 37.67999999999998
1566136587329676100, 573795072800, 39.880000000000216
1566136595708697400, 582174094100, 5.000000000000014
1566136595678777300, 582144174000, 37.90000000000036
1566136595647860400, 582113257100, 39.620000000000005
1566136595615947700, 582081344400, 38.20000000000003
1566136601147525700, 587612922400, 14.460000000000022
1566136601114613000, 587580009700, 12.250000000000023
1566136601082699000, 587548095700, 13.480000000000027
1566136601051781700, 587517178400, 14.33000000000003
1566136609154249500, 595619646200, 16.319999999999705
1566136609120339700, 595585736400, 26.809999999999807
1566136609087427400, 595552824100, 48.33999999999999
1566136609055512500, 595520909200, 26.879999999999832
1566136618016738000, 604482134700, 39.600000000000016
1566136617985821600, 604451218300, 39.52000000000012
1566136617954904400, 604420301100, 8.43000000000003
1566136617921991200, 604387387900, 19.089999999999563
1566136625575720100, 612041116800, 78.49999999999929
1566136625545800100, 612011196800, 9.580000000000027
1566136625513885300, 611979282000, 21.219999999999935
1566136625483965100, 611949361800, 19.0499999999997
1566136633329985400, 619795382100, 15.680000000000016
1566136633296076200, 619761472900, 36.699999999999896
1566136633263163900, 619728560600, 7.560000000000028
1566136633227260200, 619692656900, 36.89000000000016
1566136639811906000, 626277302700, 14.970000000000036
1566136639781986100, 626247382800, 13.240000000000032
1566136639751069600, 626216466300, 15.580000000000027
1566136639699206700, 626164603400, 12.320000000000034
1566136646634829900, 633100226600, 21.19999999999972
1566136646604909700, 633070306400, 7.970000000000016
1566136646575987200, 633041383900, 22.429999999999907
1566136646545069900, 633010466600, 96.08000000000008
1566136657088276300, 643553673000, 97.10999999999949
1566136657058356300, 643523753000, 23.179999999999893
1566136657028436200, 643493832900, 8.240000000000032
1566136656996524900, 643461921600, 7.570000000000021
1566136663396460400, 649861857100, 32.589999999999975
1566136663366540500, 649831937200, 25.85999999999983
1566136663334625900, 649800022600, 19.399999999999963
1566136663303709300, 649769106000, 18.639999999999947
1566136668018420600, 654483817300, 7.080000000000017
1566136667987503400, 654452900100, 18.599999999999937
1566136667956588100, 654421984800, 19.719999999999942
1566136667904726800, 654370123500, 20.55999999999994
1566136676301531400, 662766928100, 25.7999999999999
1566136676272609000, 662738005700, 18.50999999999993
1566136676241691900, 662707088600, 76.08999999999898
1566136676188833500, 662654230200, 38.739999999999924
1566136684247473200, 670712869900, 18.61999999999995
1566136684218549800, 670683946500, 36.480000000000146
1566136684187632800, 670653029500, 78.04999999999953
1566136684135771900, 670601168600, 37.199999999999974
1566136690482137000, 676947533700, 20.279999999999944
1566136690452217000, 676917613700, 18.51999999999993
1566136690421299500, 676886696200, 32.669999999999945
1566136690368442500, 676833839200, 16.529999999999983
1566136697817514900, 684282911600, 18.289999999999957
1566136697785601200, 684250997900, 20.319999999999954
1566136697751692600, 684217089300, 27.659999999999705
1566136697718780100, 684184176800, 9.550000000000027
1566136706875452800, 693340849500, 14.800000000000042
1566136706845532700, 693310929400, 16.59999999999997
1566136706813618300, 693279015000, 19.52999999999964
1566136706780704600, 693246101300, 61.47000000000033
1566136712445727700, 698911124400, 8.94000000000004
1566136712414810200, 698880206900, 18.579999999999952
1566136712384890200, 698850286900, 24.049999999999876
1566136712354970600, 698820367300, 18.619999999999944
1566136724096825000, 710562221700, 46.85000000000075
1566136724066905100, 710532301800, 27.109999999999882
1566136724036985600, 710502382300, 7.9500000000000375
1566136723986127600, 710451524300, 19.979999999999638
1566136733293583600, 719758980300, 2.2000000000000055
1566136733263662900, 719729059600, 9.340000000000018
1566136733231748000, 719697144700, 8.510000000000023
1566136733201830300, 719667227000, 109.299999999999
1566136739310019200, 725775415900, 7.310000000000032
1566136739280099200, 725745495900, 18.159999999999876
1566136739248184600, 725713581300, 14.42000000000003
1566136739215272400, 725680669100, 23.819999999999826
1566136745040815500, 731506212200, 14.440000000000023
1566136745009897900, 731475294600, 16.859999999999925
1566136744978980800, 731444377500, 12.36000000000002
1566136744948064200, 731413460900, 11.530000000000026
1566136755567792500, 742033189200, 32.449999999999946
1566136755537873400, 742003270100, 77.40999999999916
1566136755507953500, 741973350200, 21.979999999999915
1566136755475040700, 741940437400, 16.349999999999557
